
DETEnergyDetector = [
    1    1    1    1    1    1    1    1    1    1  8.67838E-09 1.00000 
    2    2    1    1    1    1    1    1    1    1  1.43741E-08 1.00000 
    3    3    1    1    1    1    1    1    1    1  0.00000E+00 0.00000 
    4    4    1    1    1    1    1    1    1    1  1.54488E-08 1.00000 
    5    5    1    1    1    1    1    1    1    1  0.00000E+00 0.00000 
    6    6    1    1    1    1    1    1    1    1  0.00000E+00 0.00000 
    7    7    1    1    1    1    1    1    1    1  0.00000E+00 0.00000 
    8    8    1    1    1    1    1    1    1    1  0.00000E+00 0.00000 
    9    9    1    1    1    1    1    1    1    1  0.00000E+00 0.00000 
   10   10    1    1    1    1    1    1    1    1  1.87953E-08 1.00000 
   11   11    1    1    1    1    1    1    1    1  1.13652E-08 1.00000 
   12   12    1    1    1    1    1    1    1    1  1.20655E-08 1.00000 
   13   13    1    1    1    1    1    1    1    1  1.19810E-08 1.00000 
   14   14    1    1    1    1    1    1    1    1  3.34134E-08 0.73117 
   15   15    1    1    1    1    1    1    1    1  3.43075E-08 0.72253 
   16   16    1    1    1    1    1    1    1    1  1.26151E-08 1.00000 
   17   17    1    1    1    1    1    1    1    1  0.00000E+00 0.00000 
   18   18    1    1    1    1    1    1    1    1  4.08340E-08 0.57157 
   19   19    1    1    1    1    1    1    1    1  4.29268E-08 0.57156 
   20   20    1    1    1    1    1    1    1    1  3.91822E-08 0.72819 
   21   21    1    1    1    1    1    1    1    1  3.06694E-08 0.70355 
   22   22    1    1    1    1    1    1    1    1  3.14224E-08 0.70356 
   23   23    1    1    1    1    1    1    1    1  8.91773E-08 0.44882 
   24   24    1    1    1    1    1    1    1    1  1.19754E-07 0.41064 
   25   25    1    1    1    1    1    1    1    1  1.19855E-07 0.45222 
   26   26    1    1    1    1    1    1    1    1  8.13027E-08 0.50745 
   27   27    1    1    1    1    1    1    1    1  1.55874E-07 0.34836 
   28   28    1    1    1    1    1    1    1    1  2.60067E-07 0.24917 
   29   29    1    1    1    1    1    1    1    1  9.48587E-08 0.43815 
   30   30    1    1    1    1    1    1    1    1  7.79519E-08 0.49256 
   31   31    1    1    1    1    1    1    1    1  2.83272E-07 0.29556 
   32   32    1    1    1    1    1    1    1    1  4.04562E-07 0.22242 
   33   33    1    1    1    1    1    1    1    1  5.34645E-07 0.20736 
   34   34    1    1    1    1    1    1    1    1  1.93947E-06 0.10932 
   35   35    1    1    1    1    1    1    1    1  8.02772E-07 0.15441 
   36   36    1    1    1    1    1    1    1    1  7.82226E-07 0.21129 
   37   37    1    1    1    1    1    1    1    1  1.06604E-06 0.14154 
   38   38    1    1    1    1    1    1    1    1  1.30248E-06 0.14627 
   39   39    1    1    1    1    1    1    1    1  1.95797E-06 0.10354 
   40   40    1    1    1    1    1    1    1    1  1.75931E-06 0.11065 
   41   41    1    1    1    1    1    1    1    1  1.94496E-06 0.10500 
   42   42    1    1    1    1    1    1    1    1  2.32519E-06 0.12225 
   43   43    1    1    1    1    1    1    1    1  2.78063E-06 0.10197 
   44   44    1    1    1    1    1    1    1    1  3.44125E-06 0.10583 
   45   45    1    1    1    1    1    1    1    1  3.04072E-06 0.12247 
   46   46    1    1    1    1    1    1    1    1  4.21275E-06 0.08275 
   47   47    1    1    1    1    1    1    1    1  1.13783E-05 0.06385 
   48   48    1    1    1    1    1    1    1    1  5.91749E-06 0.08008 
   49   49    1    1    1    1    1    1    1    1  9.09904E-06 0.24076 
   50   50    1    1    1    1    1    1    1    1  7.04136E-06 0.07832 
   51   51    1    1    1    1    1    1    1    1  8.30814E-06 0.08051 
   52   52    1    1    1    1    1    1    1    1  8.17986E-06 0.06918 
   53   53    1    1    1    1    1    1    1    1  9.86485E-06 0.06230 
   54   54    1    1    1    1    1    1    1    1  1.13947E-05 0.06439 
   55   55    1    1    1    1    1    1    1    1  1.38899E-05 0.05597 
   56   56    1    1    1    1    1    1    1    1  2.46200E-05 0.03743 
   57   57    1    1    1    1    1    1    1    1  1.81938E-05 0.06199 
   58   58    1    1    1    1    1    1    1    1  2.21400E-05 0.13323 
   59   59    1    1    1    1    1    1    1    1  2.63995E-05 0.04245 
   60   60    1    1    1    1    1    1    1    1  4.17559E-05 0.03504 
   61   61    1    1    1    1    1    1    1    1  3.03461E-05 0.04409 
   62   62    1    1    1    1    1    1    1    1  3.32221E-05 0.04147 
   63   63    1    1    1    1    1    1    1    1  3.44412E-05 0.04308 
   64   64    1    1    1    1    1    1    1    1  3.76134E-05 0.03782 
   65   65    1    1    1    1    1    1    1    1  4.47955E-05 0.04141 
   66   66    1    1    1    1    1    1    1    1  5.11395E-05 0.07786 
   67   67    1    1    1    1    1    1    1    1  5.79436E-05 0.02988 
   68   68    1    1    1    1    1    1    1    1  1.16037E-04 0.04534 
   69   69    1    1    1    1    1    1    1    1  8.71890E-05 0.02799 
   70   70    1    1    1    1    1    1    1    1  1.39375E-04 0.03412 
   71   71    1    1    1    1    1    1    1    1  1.02448E-04 0.02567 
   72   72    1    1    1    1    1    1    1    1  1.14737E-04 0.02364 
   73   73    1    1    1    1    1    1    1    1  1.34654E-04 0.04979 
   74   74    1    1    1    1    1    1    1    1  1.53431E-04 0.03310 
   75   75    1    1    1    1    1    1    1    1  1.60730E-04 0.02312 
   76   76    1    1    1    1    1    1    1    1  1.85217E-04 0.02236 
   77   77    1    1    1    1    1    1    1    1  2.01764E-04 0.02983 
   78   78    1    1    1    1    1    1    1    1  2.78174E-04 0.02852 
   79   79    1    1    1    1    1    1    1    1  2.74919E-04 0.02531 
   80   80    1    1    1    1    1    1    1    1  3.45224E-04 0.02311 
   81   81    1    1    1    1    1    1    1    1  4.61800E-04 0.02106 
   82   82    1    1    1    1    1    1    1    1  6.08866E-04 0.01996 
   83   83    1    1    1    1    1    1    1    1  5.34447E-04 0.01351 
   84   84    1    1    1    1    1    1    1    1  5.98836E-04 0.01471 
   85   85    1    1    1    1    1    1    1    1  2.68763E-03 0.00857 
   86   86    1    1    1    1    1    1    1    1  2.14959E-03 0.01279 
   87   87    1    1    1    1    1    1    1    1  1.06983E-03 0.01383 
   88   88    1    1    1    1    1    1    1    1  1.11229E-03 0.01444 
   89   89    1    1    1    1    1    1    1    1  1.19299E-03 0.01066 
   90   90    1    1    1    1    1    1    1    1  1.51186E-03 0.01168 
   91   91    1    1    1    1    1    1    1    1  1.45486E-03 0.01278 
   92   92    1    1    1    1    1    1    1    1  1.54856E-03 0.01588 
   93   93    1    1    1    1    1    1    1    1  1.71551E-03 0.01381 
   94   94    1    1    1    1    1    1    1    1  2.28868E-03 0.01138 
   95   95    1    1    1    1    1    1    1    1  2.13955E-03 0.01168 
   96   96    1    1    1    1    1    1    1    1  2.10734E-03 0.01121 
   97   97    1    1    1    1    1    1    1    1  2.33238E-03 0.01236 
   98   98    1    1    1    1    1    1    1    1  2.62229E-03 0.01227 
   99   99    1    1    1    1    1    1    1    1  2.74753E-03 0.00968 
  100  100    1    1    1    1    1    1    1    1  3.41118E-03 0.01001 
  101  101    1    1    1    1    1    1    1    1  3.81105E-03 0.00765 
  102  102    1    1    1    1    1    1    1    1  4.54414E-03 0.00730 
  103  103    1    1    1    1    1    1    1    1  4.93320E-03 0.00951 
  104  104    1    1    1    1    1    1    1    1  5.44288E-03 0.00888 
  105  105    1    1    1    1    1    1    1    1  6.59972E-03 0.00676 
  106  106    1    1    1    1    1    1    1    1  8.41829E-03 0.00631 
  107  107    1    1    1    1    1    1    1    1  2.48360E-02 0.00416 
  108  108    1    1    1    1    1    1    1    1  1.12666E-02 0.00524 
  109  109    1    1    1    1    1    1    1    1  1.12546E-02 0.00602 
