
DETEnergyDetector = [
    1    1    1    1    1    1    1    1    1    1  1.94991E-06 0.08225 
    2    2    1    1    1    1    1    1    1    1  1.41978E-07 0.28590 
    3    3    1    1    1    1    1    1    1    1  1.83310E-07 0.26874 
    4    4    1    1    1    1    1    1    1    1  1.88819E-07 0.24917 
    5    5    1    1    1    1    1    1    1    1  2.08264E-07 0.27505 
    6    6    1    1    1    1    1    1    1    1  2.16696E-07 0.25950 
    7    7    1    1    1    1    1    1    1    1  3.13096E-07 0.23754 
    8    8    1    1    1    1    1    1    1    1  3.82182E-07 0.19174 
    9    9    1    1    1    1    1    1    1    1  2.16633E-07 0.24915 
   10   10    1    1    1    1    1    1    1    1  4.96950E-07 0.17555 
   11   11    1    1    1    1    1    1    1    1  3.95155E-07 0.18818 
   12   12    1    1    1    1    1    1    1    1  6.12481E-07 0.16037 
   13   13    1    1    1    1    1    1    1    1  6.63372E-07 0.15283 
   14   14    1    1    1    1    1    1    1    1  6.97442E-07 0.17039 
   15   15    1    1    1    1    1    1    1    1  7.65409E-07 0.15509 
   16   16    1    1    1    1    1    1    1    1  6.68626E-07 0.16433 
   17   17    1    1    1    1    1    1    1    1  9.46555E-07 0.17030 
   18   18    1    1    1    1    1    1    1    1  1.37636E-06 0.12604 
   19   19    1    1    1    1    1    1    1    1  2.11898E-06 0.46167 
   20   20    1    1    1    1    1    1    1    1  1.34444E-06 0.12747 
   21   21    1    1    1    1    1    1    1    1  1.20338E-06 0.12970 
   22   22    1    1    1    1    1    1    1    1  1.41789E-06 0.11432 
   23   23    1    1    1    1    1    1    1    1  1.81072E-06 0.10582 
   24   24    1    1    1    1    1    1    1    1  2.49261E-06 0.10728 
   25   25    1    1    1    1    1    1    1    1  3.53043E-06 0.33645 
   26   26    1    1    1    1    1    1    1    1  2.93513E-06 0.09474 
   27   27    1    1    1    1    1    1    1    1  3.27361E-06 0.09660 
   28   28    1    1    1    1    1    1    1    1  2.96209E-06 0.10037 
   29   29    1    1    1    1    1    1    1    1  3.50889E-06 0.08929 
   30   30    1    1    1    1    1    1    1    1  3.58356E-06 0.08861 
   31   31    1    1    1    1    1    1    1    1  5.37305E-06 0.08150 
   32   32    1    1    1    1    1    1    1    1  5.04780E-06 0.07600 
   33   33    1    1    1    1    1    1    1    1  8.50202E-06 0.23990 
   34   34    1    1    1    1    1    1    1    1  5.95526E-06 0.06425 
   35   35    1    1    1    1    1    1    1    1  6.56332E-06 0.07229 
   36   36    1    1    1    1    1    1    1    1  9.32739E-06 0.18221 
   37   37    1    1    1    1    1    1    1    1  8.72786E-06 0.06722 
   38   38    1    1    1    1    1    1    1    1  1.05325E-05 0.06630 
   39   39    1    1    1    1    1    1    1    1  1.15929E-05 0.05609 
   40   40    1    1    1    1    1    1    1    1  1.38631E-05 0.05771 
   41   41    1    1    1    1    1    1    1    1  1.53966E-05 0.04850 
   42   42    1    1    1    1    1    1    1    1  1.50137E-05 0.05158 
   43   43    1    1    1    1    1    1    1    1  1.92863E-05 0.04836 
   44   44    1    1    1    1    1    1    1    1  2.21009E-05 0.09403 
   45   45    1    1    1    1    1    1    1    1  2.44752E-05 0.09132 
   46   46    1    1    1    1    1    1    1    1  2.47292E-05 0.04383 
   47   47    1    1    1    1    1    1    1    1  2.90898E-05 0.03522 
   48   48    1    1    1    1    1    1    1    1  3.13032E-05 0.04012 
   49   49    1    1    1    1    1    1    1    1  3.56249E-05 0.03853 
   50   50    1    1    1    1    1    1    1    1  4.01170E-05 0.03855 
   51   51    1    1    1    1    1    1    1    1  4.35658E-05 0.03389 
   52   52    1    1    1    1    1    1    1    1  5.26311E-05 0.07173 
   53   53    1    1    1    1    1    1    1    1  5.51059E-05 0.03276 
   54   54    1    1    1    1    1    1    1    1  6.41641E-05 0.05568 
   55   55    1    1    1    1    1    1    1    1  7.14596E-05 0.02812 
   56   56    1    1    1    1    1    1    1    1  8.02236E-05 0.04606 
   57   57    1    1    1    1    1    1    1    1  8.90148E-05 0.02584 
   58   58    1    1    1    1    1    1    1    1  1.02997E-04 0.04038 
   59   59    1    1    1    1    1    1    1    1  1.13722E-04 0.03437 
   60   60    1    1    1    1    1    1    1    1  1.25689E-04 0.03449 
   61   61    1    1    1    1    1    1    1    1  1.42802E-04 0.03948 
   62   62    1    1    1    1    1    1    1    1  1.52888E-04 0.02148 
   63   63    1    1    1    1    1    1    1    1  1.71620E-04 0.03165 
   64   64    1    1    1    1    1    1    1    1  2.02200E-04 0.03822 
   65   65    1    1    1    1    1    1    1    1  2.24486E-04 0.02671 
   66   66    1    1    1    1    1    1    1    1  2.51388E-04 0.03614 
   67   67    1    1    1    1    1    1    1    1  2.84683E-04 0.02013 
   68   68    1    1    1    1    1    1    1    1  3.05070E-04 0.02060 
   69   69    1    1    1    1    1    1    1    1  3.58861E-04 0.02423 
   70   70    1    1    1    1    1    1    1    1  3.82656E-04 0.01747 
   71   71    1    1    1    1    1    1    1    1  4.30306E-04 0.01973 
   72   72    1    1    1    1    1    1    1    1  4.97778E-04 0.02171 
   73   73    1    1    1    1    1    1    1    1  5.26544E-04 0.01721 
   74   74    1    1    1    1    1    1    1    1  6.15874E-04 0.01859 
   75   75    1    1    1    1    1    1    1    1  7.11726E-04 0.02361 
   76   76    1    1    1    1    1    1    1    1  7.57257E-04 0.01613 
   77   77    1    1    1    1    1    1    1    1  8.19674E-04 0.01632 
   78   78    1    1    1    1    1    1    1    1  9.41996E-04 0.01417 
   79   79    1    1    1    1    1    1    1    1  1.05762E-03 0.01387 
   80   80    1    1    1    1    1    1    1    1  1.20429E-03 0.01369 
   81   81    1    1    1    1    1    1    1    1  1.34300E-03 0.01335 
   82   82    1    1    1    1    1    1    1    1  1.48887E-03 0.01470 
   83   83    1    1    1    1    1    1    1    1  1.64265E-03 0.01000 
   84   84    1    1    1    1    1    1    1    1  1.86737E-03 0.01193 
   85   85    1    1    1    1    1    1    1    1  2.10100E-03 0.01127 
   86   86    1    1    1    1    1    1    1    1  2.32283E-03 0.01073 
   87   87    1    1    1    1    1    1    1    1  2.58719E-03 0.01062 
   88   88    1    1    1    1    1    1    1    1  2.93068E-03 0.01026 
   89   89    1    1    1    1    1    1    1    1  3.23692E-03 0.00944 
   90   90    1    1    1    1    1    1    1    1  3.58052E-03 0.00868 
   91   91    1    1    1    1    1    1    1    1  4.02342E-03 0.00760 
   92   92    1    1    1    1    1    1    1    1  4.43858E-03 0.00692 
   93   93    1    1    1    1    1    1    1    1  5.02232E-03 0.00732 
   94   94    1    1    1    1    1    1    1    1  5.66471E-03 0.00737 
   95   95    1    1    1    1    1    1    1    1  6.32222E-03 0.00880 
   96   96    1    1    1    1    1    1    1    1  6.95134E-03 0.00686 
   97   97    1    1    1    1    1    1    1    1  7.80304E-03 0.00720 
   98   98    1    1    1    1    1    1    1    1  8.79681E-03 0.00592 
   99   99    1    1    1    1    1    1    1    1  9.75100E-03 0.00681 
  100  100    1    1    1    1    1    1    1    1  1.07448E-02 0.00658 
  101  101    1    1    1    1    1    1    1    1  1.21626E-02 0.00528 
  102  102    1    1    1    1    1    1    1    1  1.34958E-02 0.00553 
  103  103    1    1    1    1    1    1    1    1  1.49078E-02 0.00550 
  104  104    1    1    1    1    1    1    1    1  1.64697E-02 0.00533 
  105  105    1    1    1    1    1    1    1    1  1.84234E-02 0.00541 
  106  106    1    1    1    1    1    1    1    1  2.05485E-02 0.00421 
  107  107    1    1    1    1    1    1    1    1  2.27240E-02 0.00486 
  108  108    1    1    1    1    1    1    1    1  2.53604E-02 0.00455 
  109  109    1    1    1    1    1    1    1    1  2.81686E-02 0.00422 
