
DETEnergyDetector = [
    1    1    1    1    1    1    1    1    1    1  1.62118E-06 0.07949 
    2    2    1    1    1    1    1    1    1    1  7.68256E-07 0.81192 
    3    3    1    1    1    1    1    1    1    1  2.36705E-07 0.21455 
    4    4    1    1    1    1    1    1    1    1  2.03189E-07 0.25743 
    5    5    1    1    1    1    1    1    1    1  2.92579E-07 0.22780 
    6    6    1    1    1    1    1    1    1    1  2.70668E-07 0.24473 
    7    7    1    1    1    1    1    1    1    1  3.24839E-07 0.21921 
    8    8    1    1    1    1    1    1    1    1  2.26547E-07 0.25851 
    9    9    1    1    1    1    1    1    1    1  4.06808E-07 0.20181 
   10   10    1    1    1    1    1    1    1    1  3.69184E-07 0.18393 
   11   11    1    1    1    1    1    1    1    1  4.95824E-07 0.16043 
   12   12    1    1    1    1    1    1    1    1  4.58140E-07 0.20295 
   13   13    1    1    1    1    1    1    1    1  6.34545E-07 0.17891 
   14   14    1    1    1    1    1    1    1    1  7.18409E-07 0.17049 
   15   15    1    1    1    1    1    1    1    1  6.28436E-07 0.16762 
   16   16    1    1    1    1    1    1    1    1  9.76906E-07 0.15763 
   17   17    1    1    1    1    1    1    1    1  1.09823E-06 0.12735 
   18   18    1    1    1    1    1    1    1    1  1.09844E-06 0.14088 
   19   19    1    1    1    1    1    1    1    1  1.30636E-06 0.13245 
   20   20    1    1    1    1    1    1    1    1  1.28163E-06 0.12727 
   21   21    1    1    1    1    1    1    1    1  1.19256E-06 0.11940 
   22   22    1    1    1    1    1    1    1    1  1.48369E-06 0.11014 
   23   23    1    1    1    1    1    1    1    1  1.43374E-06 0.11647 
   24   24    1    1    1    1    1    1    1    1  2.11389E-06 0.11307 
   25   25    1    1    1    1    1    1    1    1  3.33287E-06 0.35167 
   26   26    1    1    1    1    1    1    1    1  2.47706E-06 0.10458 
   27   27    1    1    1    1    1    1    1    1  2.92126E-06 0.09697 
   28   28    1    1    1    1    1    1    1    1  3.43663E-06 0.09944 
   29   29    1    1    1    1    1    1    1    1  4.82098E-06 0.26281 
   30   30    1    1    1    1    1    1    1    1  4.04911E-06 0.08318 
   31   31    1    1    1    1    1    1    1    1  4.54628E-06 0.07861 
   32   32    1    1    1    1    1    1    1    1  5.43521E-06 0.07156 
   33   33    1    1    1    1    1    1    1    1  6.36482E-06 0.07176 
   34   34    1    1    1    1    1    1    1    1  1.03038E-05 0.20069 
   35   35    1    1    1    1    1    1    1    1  8.01690E-06 0.06207 
   36   36    1    1    1    1    1    1    1    1  7.55496E-06 0.07146 
   37   37    1    1    1    1    1    1    1    1  8.31000E-06 0.06749 
   38   38    1    1    1    1    1    1    1    1  1.06923E-05 0.06159 
   39   39    1    1    1    1    1    1    1    1  1.11178E-05 0.05376 
   40   40    1    1    1    1    1    1    1    1  1.23806E-05 0.05389 
   41   41    1    1    1    1    1    1    1    1  1.48841E-05 0.05002 
   42   42    1    1    1    1    1    1    1    1  1.67093E-05 0.05350 
   43   43    1    1    1    1    1    1    1    1  1.94239E-05 0.04208 
   44   44    1    1    1    1    1    1    1    1  2.16205E-05 0.09759 
   45   45    1    1    1    1    1    1    1    1  2.21322E-05 0.03976 
   46   46    1    1    1    1    1    1    1    1  2.35625E-05 0.04318 
   47   47    1    1    1    1    1    1    1    1  2.83224E-05 0.04112 
   48   48    1    1    1    1    1    1    1    1  3.37121E-05 0.03782 
   49   49    1    1    1    1    1    1    1    1  3.45510E-05 0.03891 
   50   50    1    1    1    1    1    1    1    1  3.90569E-05 0.04098 
   51   51    1    1    1    1    1    1    1    1  4.40412E-05 0.03167 
   52   52    1    1    1    1    1    1    1    1  4.94766E-05 0.03222 
   53   53    1    1    1    1    1    1    1    1  5.77814E-05 0.02967 
   54   54    1    1    1    1    1    1    1    1  6.43488E-05 0.05665 
   55   55    1    1    1    1    1    1    1    1  7.33026E-05 0.04299 
   56   56    1    1    1    1    1    1    1    1  7.83516E-05 0.02127 
   57   57    1    1    1    1    1    1    1    1  8.67144E-05 0.02647 
   58   58    1    1    1    1    1    1    1    1  9.91490E-05 0.03916 
   59   59    1    1    1    1    1    1    1    1  1.14582E-04 0.05543 
   60   60    1    1    1    1    1    1    1    1  1.20846E-04 0.02383 
   61   61    1    1    1    1    1    1    1    1  1.50228E-04 0.04608 
   62   62    1    1    1    1    1    1    1    1  1.61584E-04 0.03160 
   63   63    1    1    1    1    1    1    1    1  1.79151E-04 0.03217 
   64   64    1    1    1    1    1    1    1    1  1.96374E-04 0.03149 
   65   65    1    1    1    1    1    1    1    1  2.30891E-04 0.03171 
   66   66    1    1    1    1    1    1    1    1  2.42572E-04 0.01888 
   67   67    1    1    1    1    1    1    1    1  2.75666E-04 0.02291 
   68   68    1    1    1    1    1    1    1    1  3.02909E-04 0.01608 
   69   69    1    1    1    1    1    1    1    1  3.51173E-04 0.02516 
   70   70    1    1    1    1    1    1    1    1  3.85673E-04 0.02172 
   71   71    1    1    1    1    1    1    1    1  4.32052E-04 0.01864 
   72   72    1    1    1    1    1    1    1    1  4.85683E-04 0.01637 
   73   73    1    1    1    1    1    1    1    1  5.38474E-04 0.01928 
   74   74    1    1    1    1    1    1    1    1  6.26647E-04 0.01969 
   75   75    1    1    1    1    1    1    1    1  6.93024E-04 0.01746 
   76   76    1    1    1    1    1    1    1    1  7.58894E-04 0.01545 
   77   77    1    1    1    1    1    1    1    1  8.44478E-04 0.01744 
   78   78    1    1    1    1    1    1    1    1  9.73892E-04 0.01390 
   79   79    1    1    1    1    1    1    1    1  1.06489E-03 0.01376 
   80   80    1    1    1    1    1    1    1    1  1.16210E-03 0.01248 
   81   81    1    1    1    1    1    1    1    1  1.32564E-03 0.01345 
   82   82    1    1    1    1    1    1    1    1  1.50607E-03 0.01454 
   83   83    1    1    1    1    1    1    1    1  1.64238E-03 0.01211 
   84   84    1    1    1    1    1    1    1    1  1.91196E-03 0.01212 
   85   85    1    1    1    1    1    1    1    1  2.07539E-03 0.01016 
   86   86    1    1    1    1    1    1    1    1  2.29006E-03 0.00916 
   87   87    1    1    1    1    1    1    1    1  2.57835E-03 0.01002 
   88   88    1    1    1    1    1    1    1    1  2.90717E-03 0.00994 
   89   89    1    1    1    1    1    1    1    1  3.23833E-03 0.00865 
   90   90    1    1    1    1    1    1    1    1  3.59251E-03 0.00874 
   91   91    1    1    1    1    1    1    1    1  4.00206E-03 0.00847 
   92   92    1    1    1    1    1    1    1    1  4.45445E-03 0.00834 
   93   93    1    1    1    1    1    1    1    1  5.08665E-03 0.00861 
   94   94    1    1    1    1    1    1    1    1  5.58470E-03 0.00777 
   95   95    1    1    1    1    1    1    1    1  6.31754E-03 0.00708 
   96   96    1    1    1    1    1    1    1    1  7.05041E-03 0.00734 
   97   97    1    1    1    1    1    1    1    1  7.72436E-03 0.00662 
   98   98    1    1    1    1    1    1    1    1  8.61144E-03 0.00575 
   99   99    1    1    1    1    1    1    1    1  9.74008E-03 0.00689 
  100  100    1    1    1    1    1    1    1    1  1.08464E-02 0.00652 
  101  101    1    1    1    1    1    1    1    1  1.19906E-02 0.00565 
  102  102    1    1    1    1    1    1    1    1  1.33451E-02 0.00554 
  103  103    1    1    1    1    1    1    1    1  1.47476E-02 0.00465 
  104  104    1    1    1    1    1    1    1    1  1.66397E-02 0.00510 
  105  105    1    1    1    1    1    1    1    1  1.85070E-02 0.00566 
  106  106    1    1    1    1    1    1    1    1  2.04990E-02 0.00465 
  107  107    1    1    1    1    1    1    1    1  2.27415E-02 0.00457 
  108  108    1    1    1    1    1    1    1    1  2.52780E-02 0.00404 
  109  109    1    1    1    1    1    1    1    1  2.80165E-02 0.00402 
