
DETEnergyDetector = [
    1    1    1    1    1    1    1    1    1    1  8.85546E-08 0.37484 
    2    2    1    1    1    1    1    1    1    1  0.00000E+00 0.00000 
    3    3    1    1    1    1    1    1    1    1  0.00000E+00 0.00000 
    4    4    1    1    1    1    1    1    1    1  0.00000E+00 0.00000 
    5    5    1    1    1    1    1    1    1    1  0.00000E+00 0.00000 
    6    6    1    1    1    1    1    1    1    1  0.00000E+00 0.00000 
    7    7    1    1    1    1    1    1    1    1  0.00000E+00 0.00000 
    8    8    1    1    1    1    1    1    1    1  0.00000E+00 0.00000 
    9    9    1    1    1    1    1    1    1    1  0.00000E+00 0.00000 
   10   10    1    1    1    1    1    1    1    1  1.12365E-08 1.00000 
   11   11    1    1    1    1    1    1    1    1  0.00000E+00 0.00000 
   12   12    1    1    1    1    1    1    1    1  0.00000E+00 0.00000 
   13   13    1    1    1    1    1    1    1    1  0.00000E+00 0.00000 
   14   14    1    1    1    1    1    1    1    1  0.00000E+00 0.00000 
   15   15    1    1    1    1    1    1    1    1  0.00000E+00 0.00000 
   16   16    1    1    1    1    1    1    1    1  2.62413E-08 0.70359 
   17   17    1    1    1    1    1    1    1    1  1.13127E-07 0.66561 
   18   18    1    1    1    1    1    1    1    1  6.90386E-08 1.00000 
   19   19    1    1    1    1    1    1    1    1  3.79968E-08 0.72096 
   20   20    1    1    1    1    1    1    1    1  3.93335E-08 0.72312 
   21   21    1    1    1    1    1    1    1    1  4.04826E-08 0.72736 
   22   22    1    1    1    1    1    1    1    1  1.13478E-07 0.41190 
   23   23    1    1    1    1    1    1    1    1  8.09400E-08 0.43820 
   24   24    1    1    1    1    1    1    1    1  1.54169E-07 0.35170 
   25   25    1    1    1    1    1    1    1    1  0.00000E+00 0.00000 
   26   26    1    1    1    1    1    1    1    1  1.05918E-07 0.39795 
   27   27    1    1    1    1    1    1    1    1  8.45792E-08 0.50640 
   28   28    1    1    1    1    1    1    1    1  2.40026E-07 0.30264 
   29   29    1    1    1    1    1    1    1    1  6.23761E-08 0.70374 
   30   30    1    1    1    1    1    1    1    1  3.23938E-07 0.24811 
   31   31    1    1    1    1    1    1    1    1  3.34497E-07 0.23307 
   32   32    1    1    1    1    1    1    1    1  3.42459E-07 0.24889 
   33   33    1    1    1    1    1    1    1    1  4.93486E-07 0.22058 
   34   34    1    1    1    1    1    1    1    1  2.05802E-06 0.11925 
   35   35    1    1    1    1    1    1    1    1  6.96276E-07 0.18108 
   36   36    1    1    1    1    1    1    1    1  8.47097E-07 0.16064 
   37   37    1    1    1    1    1    1    1    1  1.47848E-06 0.15266 
   38   38    1    1    1    1    1    1    1    1  1.32065E-06 0.16072 
   39   39    1    1    1    1    1    1    1    1  1.47836E-06 0.14240 
   40   40    1    1    1    1    1    1    1    1  1.87438E-06 0.12747 
   41   41    1    1    1    1    1    1    1    1  1.93299E-06 0.12073 
   42   42    1    1    1    1    1    1    1    1  2.10008E-06 0.11320 
   43   43    1    1    1    1    1    1    1    1  1.98076E-06 0.11959 
   44   44    1    1    1    1    1    1    1    1  2.89451E-06 0.09570 
   45   45    1    1    1    1    1    1    1    1  3.34117E-06 0.09748 
   46   46    1    1    1    1    1    1    1    1  3.65921E-06 0.09052 
   47   47    1    1    1    1    1    1    1    1  1.10963E-05 0.05013 
   48   48    1    1    1    1    1    1    1    1  6.45169E-06 0.08790 
   49   49    1    1    1    1    1    1    1    1  6.79045E-06 0.07743 
   50   50    1    1    1    1    1    1    1    1  7.23680E-06 0.06966 
   51   51    1    1    1    1    1    1    1    1  7.93170E-06 0.07268 
   52   52    1    1    1    1    1    1    1    1  9.75237E-06 0.06875 
   53   53    1    1    1    1    1    1    1    1  9.04111E-06 0.06496 
   54   54    1    1    1    1    1    1    1    1  1.50801E-05 0.17315 
   55   55    1    1    1    1    1    1    1    1  1.42219E-05 0.05439 
   56   56    1    1    1    1    1    1    1    1  2.33178E-05 0.04415 
   57   57    1    1    1    1    1    1    1    1  1.80561E-05 0.04657 
   58   58    1    1    1    1    1    1    1    1  2.03766E-05 0.04896 
   59   59    1    1    1    1    1    1    1    1  2.54419E-05 0.04186 
   60   60    1    1    1    1    1    1    1    1  3.82403E-05 0.03375 
   61   61    1    1    1    1    1    1    1    1  3.10843E-05 0.10886 
   62   62    1    1    1    1    1    1    1    1  3.05255E-05 0.04389 
   63   63    1    1    1    1    1    1    1    1  3.31221E-05 0.04765 
   64   64    1    1    1    1    1    1    1    1  3.94252E-05 0.03846 
   65   65    1    1    1    1    1    1    1    1  5.15683E-05 0.07388 
   66   66    1    1    1    1    1    1    1    1  5.44471E-05 0.07016 
   67   67    1    1    1    1    1    1    1    1  6.33069E-05 0.03224 
   68   68    1    1    1    1    1    1    1    1  1.16353E-04 0.04669 
   69   69    1    1    1    1    1    1    1    1  9.22949E-05 0.02771 
   70   70    1    1    1    1    1    1    1    1  1.37293E-04 0.04724 
   71   71    1    1    1    1    1    1    1    1  1.13857E-04 0.05549 
   72   72    1    1    1    1    1    1    1    1  1.16134E-04 0.02721 
   73   73    1    1    1    1    1    1    1    1  1.26289E-04 0.02364 
   74   74    1    1    1    1    1    1    1    1  1.51839E-04 0.04029 
   75   75    1    1    1    1    1    1    1    1  1.60403E-04 0.03328 
   76   76    1    1    1    1    1    1    1    1  1.89897E-04 0.02183 
   77   77    1    1    1    1    1    1    1    1  2.07628E-04 0.02202 
   78   78    1    1    1    1    1    1    1    1  2.74500E-04 0.01986 
   79   79    1    1    1    1    1    1    1    1  3.03463E-04 0.03412 
   80   80    1    1    1    1    1    1    1    1  3.43743E-04 0.02492 
   81   81    1    1    1    1    1    1    1    1  4.53836E-04 0.01866 
   82   82    1    1    1    1    1    1    1    1  6.11542E-04 0.01631 
   83   83    1    1    1    1    1    1    1    1  5.49211E-04 0.01934 
   84   84    1    1    1    1    1    1    1    1  5.81942E-04 0.01317 
   85   85    1    1    1    1    1    1    1    1  2.70387E-03 0.00931 
   86   86    1    1    1    1    1    1    1    1  2.07913E-03 0.00995 
   87   87    1    1    1    1    1    1    1    1  1.05796E-03 0.01598 
   88   88    1    1    1    1    1    1    1    1  1.08995E-03 0.01138 
   89   89    1    1    1    1    1    1    1    1  1.21762E-03 0.01466 
   90   90    1    1    1    1    1    1    1    1  1.51726E-03 0.01269 
   91   91    1    1    1    1    1    1    1    1  1.42307E-03 0.01024 
   92   92    1    1    1    1    1    1    1    1  1.53479E-03 0.01350 
   93   93    1    1    1    1    1    1    1    1  1.70066E-03 0.01203 
   94   94    1    1    1    1    1    1    1    1  2.27072E-03 0.00995 
   95   95    1    1    1    1    1    1    1    1  2.13187E-03 0.01086 
   96   96    1    1    1    1    1    1    1    1  2.07099E-03 0.01213 
   97   97    1    1    1    1    1    1    1    1  2.30785E-03 0.01202 
   98   98    1    1    1    1    1    1    1    1  2.57613E-03 0.01080 
   99   99    1    1    1    1    1    1    1    1  2.78647E-03 0.01146 
  100  100    1    1    1    1    1    1    1    1  3.45796E-03 0.01053 
  101  101    1    1    1    1    1    1    1    1  3.84179E-03 0.00957 
  102  102    1    1    1    1    1    1    1    1  4.47890E-03 0.00771 
  103  103    1    1    1    1    1    1    1    1  5.00958E-03 0.00778 
  104  104    1    1    1    1    1    1    1    1  5.31406E-03 0.00835 
  105  105    1    1    1    1    1    1    1    1  6.46091E-03 0.00637 
  106  106    1    1    1    1    1    1    1    1  8.51388E-03 0.00704 
  107  107    1    1    1    1    1    1    1    1  2.48831E-02 0.00359 
  108  108    1    1    1    1    1    1    1    1  1.11839E-02 0.00598 
  109  109    1    1    1    1    1    1    1    1  1.12212E-02 0.00592 
