
DETEnergyDetector = [
    1    1    1    1    1    1    1    1    1    1  1.90253E-06 0.07993 
    2    2    1    1    1    1    1    1    1    1  1.93201E-07 0.23931 
    3    3    1    1    1    1    1    1    1    1  1.18376E-07 0.31960 
    4    4    1    1    1    1    1    1    1    1  3.25639E-07 0.20646 
    5    5    1    1    1    1    1    1    1    1  2.22888E-07 0.26277 
    6    6    1    1    1    1    1    1    1    1  2.15761E-07 0.25788 
    7    7    1    1    1    1    1    1    1    1  3.53110E-07 0.20601 
    8    8    1    1    1    1    1    1    1    1  2.58399E-07 0.27734 
    9    9    1    1    1    1    1    1    1    1  3.45057E-07 0.22053 
   10   10    1    1    1    1    1    1    1    1  3.72220E-07 0.22356 
   11   11    1    1    1    1    1    1    1    1  4.48592E-07 0.18116 
   12   12    1    1    1    1    1    1    1    1  5.29836E-07 0.18134 
   13   13    1    1    1    1    1    1    1    1  5.24463E-07 0.19284 
   14   14    1    1    1    1    1    1    1    1  6.51473E-07 0.16950 
   15   15    1    1    1    1    1    1    1    1  7.06168E-07 0.15290 
   16   16    1    1    1    1    1    1    1    1  7.45011E-07 0.15907 
   17   17    1    1    1    1    1    1    1    1  1.18650E-06 0.12516 
   18   18    1    1    1    1    1    1    1    1  1.01207E-06 0.14406 
   19   19    1    1    1    1    1    1    1    1  1.10615E-06 0.13238 
   20   20    1    1    1    1    1    1    1    1  9.81128E-07 0.14627 
   21   21    1    1    1    1    1    1    1    1  1.60706E-06 0.12117 
   22   22    1    1    1    1    1    1    1    1  1.46953E-06 0.12071 
   23   23    1    1    1    1    1    1    1    1  1.93054E-06 0.10290 
   24   24    1    1    1    1    1    1    1    1  2.13647E-06 0.11140 
   25   25    1    1    1    1    1    1    1    1  2.20263E-06 0.11642 
   26   26    1    1    1    1    1    1    1    1  2.60668E-06 0.09888 
   27   27    1    1    1    1    1    1    1    1  2.73457E-06 0.09582 
   28   28    1    1    1    1    1    1    1    1  3.36499E-06 0.08661 
   29   29    1    1    1    1    1    1    1    1  5.19481E-06 0.26955 
   30   30    1    1    1    1    1    1    1    1  4.02884E-06 0.07805 
   31   31    1    1    1    1    1    1    1    1  4.17767E-06 0.08529 
   32   32    1    1    1    1    1    1    1    1  5.08202E-06 0.07265 
   33   33    1    1    1    1    1    1    1    1  5.81574E-06 0.07846 
   34   34    1    1    1    1    1    1    1    1  6.73837E-06 0.07241 
   35   35    1    1    1    1    1    1    1    1  6.66954E-06 0.06600 
   36   36    1    1    1    1    1    1    1    1  7.23894E-06 0.06386 
   37   37    1    1    1    1    1    1    1    1  8.66770E-06 0.06411 
   38   38    1    1    1    1    1    1    1    1  1.07467E-05 0.05440 
   39   39    1    1    1    1    1    1    1    1  1.19996E-05 0.05423 
   40   40    1    1    1    1    1    1    1    1  1.37583E-05 0.05776 
   41   41    1    1    1    1    1    1    1    1  1.39741E-05 0.05075 
   42   42    1    1    1    1    1    1    1    1  1.63578E-05 0.04408 
   43   43    1    1    1    1    1    1    1    1  1.86643E-05 0.05067 
   44   44    1    1    1    1    1    1    1    1  1.97682E-05 0.04406 
   45   45    1    1    1    1    1    1    1    1  2.39652E-05 0.04285 
   46   46    1    1    1    1    1    1    1    1  2.30304E-05 0.04227 
   47   47    1    1    1    1    1    1    1    1  2.82574E-05 0.04157 
   48   48    1    1    1    1    1    1    1    1  3.19714E-05 0.03669 
   49   49    1    1    1    1    1    1    1    1  3.76414E-05 0.06512 
   50   50    1    1    1    1    1    1    1    1  4.29323E-05 0.06472 
   51   51    1    1    1    1    1    1    1    1  4.27372E-05 0.03310 
   52   52    1    1    1    1    1    1    1    1  4.93686E-05 0.03582 
   53   53    1    1    1    1    1    1    1    1  5.61973E-05 0.03221 
   54   54    1    1    1    1    1    1    1    1  6.46207E-05 0.05072 
   55   55    1    1    1    1    1    1    1    1  6.83576E-05 0.03027 
   56   56    1    1    1    1    1    1    1    1  8.21931E-05 0.04086 
   57   57    1    1    1    1    1    1    1    1  8.75124E-05 0.03034 
   58   58    1    1    1    1    1    1    1    1  9.85130E-05 0.04208 
   59   59    1    1    1    1    1    1    1    1  1.10303E-04 0.02708 
   60   60    1    1    1    1    1    1    1    1  1.20832E-04 0.02443 
   61   61    1    1    1    1    1    1    1    1  1.48985E-04 0.04471 
   62   62    1    1    1    1    1    1    1    1  1.60071E-04 0.02723 
   63   63    1    1    1    1    1    1    1    1  1.73967E-04 0.02590 
   64   64    1    1    1    1    1    1    1    1  2.02238E-04 0.02638 
   65   65    1    1    1    1    1    1    1    1  2.23778E-04 0.03212 
   66   66    1    1    1    1    1    1    1    1  2.43006E-04 0.01735 
   67   67    1    1    1    1    1    1    1    1  2.62709E-04 0.01839 
   68   68    1    1    1    1    1    1    1    1  3.17039E-04 0.01881 
   69   69    1    1    1    1    1    1    1    1  3.49364E-04 0.02637 
   70   70    1    1    1    1    1    1    1    1  3.91103E-04 0.01895 
   71   71    1    1    1    1    1    1    1    1  4.24900E-04 0.01460 
   72   72    1    1    1    1    1    1    1    1  4.88135E-04 0.01773 
   73   73    1    1    1    1    1    1    1    1  5.45485E-04 0.01905 
   74   74    1    1    1    1    1    1    1    1  5.92707E-04 0.01494 
   75   75    1    1    1    1    1    1    1    1  6.71813E-04 0.01783 
   76   76    1    1    1    1    1    1    1    1  7.59088E-04 0.01604 
   77   77    1    1    1    1    1    1    1    1  8.73915E-04 0.01843 
   78   78    1    1    1    1    1    1    1    1  9.81636E-04 0.01680 
   79   79    1    1    1    1    1    1    1    1  1.08659E-03 0.01435 
   80   80    1    1    1    1    1    1    1    1  1.19736E-03 0.01065 
   81   81    1    1    1    1    1    1    1    1  1.31273E-03 0.01332 
   82   82    1    1    1    1    1    1    1    1  1.50954E-03 0.01438 
   83   83    1    1    1    1    1    1    1    1  1.66031E-03 0.01113 
   84   84    1    1    1    1    1    1    1    1  1.87126E-03 0.01294 
   85   85    1    1    1    1    1    1    1    1  2.11071E-03 0.01082 
   86   86    1    1    1    1    1    1    1    1  2.37193E-03 0.01107 
   87   87    1    1    1    1    1    1    1    1  2.57113E-03 0.00999 
   88   88    1    1    1    1    1    1    1    1  2.89741E-03 0.01022 
   89   89    1    1    1    1    1    1    1    1  3.31718E-03 0.01218 
   90   90    1    1    1    1    1    1    1    1  3.61542E-03 0.00972 
   91   91    1    1    1    1    1    1    1    1  4.15973E-03 0.00888 
   92   92    1    1    1    1    1    1    1    1  4.50085E-03 0.00788 
   93   93    1    1    1    1    1    1    1    1  5.05868E-03 0.00802 
   94   94    1    1    1    1    1    1    1    1  5.63788E-03 0.00812 
   95   95    1    1    1    1    1    1    1    1  6.30951E-03 0.00695 
   96   96    1    1    1    1    1    1    1    1  6.98720E-03 0.00736 
   97   97    1    1    1    1    1    1    1    1  7.78386E-03 0.00617 
   98   98    1    1    1    1    1    1    1    1  8.72032E-03 0.00632 
   99   99    1    1    1    1    1    1    1    1  9.71388E-03 0.00653 
  100  100    1    1    1    1    1    1    1    1  1.08751E-02 0.00578 
  101  101    1    1    1    1    1    1    1    1  1.20872E-02 0.00600 
  102  102    1    1    1    1    1    1    1    1  1.33966E-02 0.00612 
  103  103    1    1    1    1    1    1    1    1  1.48767E-02 0.00514 
  104  104    1    1    1    1    1    1    1    1  1.65416E-02 0.00565 
  105  105    1    1    1    1    1    1    1    1  1.85351E-02 0.00499 
  106  106    1    1    1    1    1    1    1    1  2.08136E-02 0.00446 
  107  107    1    1    1    1    1    1    1    1  2.27703E-02 0.00438 
  108  108    1    1    1    1    1    1    1    1  2.54672E-02 0.00452 
  109  109    1    1    1    1    1    1    1    1  2.81438E-02 0.00457 
