
DETEnergyDetector = [
    1    1    1    1    1    1    1    1    1    1  1.90376E-06 0.09201 
    2    2    1    1    1    1    1    1    1    1  3.30783E-07 0.17793 
    3    3    1    1    1    1    1    1    1    1  1.85069E-07 0.30463 
    4    4    1    1    1    1    1    1    1    1  1.78858E-07 0.26020 
    5    5    1    1    1    1    1    1    1    1  1.82936E-07 0.30359 
    6    6    1    1    1    1    1    1    1    1  2.62592E-07 0.27488 
    7    7    1    1    1    1    1    1    1    1  2.52203E-07 0.23773 
    8    8    1    1    1    1    1    1    1    1  2.27865E-07 0.27421 
    9    9    1    1    1    1    1    1    1    1  3.46969E-07 0.20030 
   10   10    1    1    1    1    1    1    1    1  3.54146E-07 0.20034 
   11   11    1    1    1    1    1    1    1    1  3.96977E-07 0.18829 
   12   12    1    1    1    1    1    1    1    1  4.28709E-07 0.23137 
   13   13    1    1    1    1    1    1    1    1  5.98496E-07 0.15190 
   14   14    1    1    1    1    1    1    1    1  6.51607E-07 0.17065 
   15   15    1    1    1    1    1    1    1    1  7.03523E-07 0.15332 
   16   16    1    1    1    1    1    1    1    1  8.29539E-07 0.15902 
   17   17    1    1    1    1    1    1    1    1  1.00152E-06 0.15608 
   18   18    1    1    1    1    1    1    1    1  1.10656E-06 0.13998 
   19   19    1    1    1    1    1    1    1    1  1.28907E-06 0.11917 
   20   20    1    1    1    1    1    1    1    1  1.37611E-06 0.13686 
   21   21    1    1    1    1    1    1    1    1  1.61134E-06 0.10246 
   22   22    1    1    1    1    1    1    1    1  1.46804E-06 0.12983 
   23   23    1    1    1    1    1    1    1    1  2.17578E-06 0.11069 
   24   24    1    1    1    1    1    1    1    1  2.03712E-06 0.11404 
   25   25    1    1    1    1    1    1    1    1  2.18382E-06 0.10037 
   26   26    1    1    1    1    1    1    1    1  2.73524E-06 0.10170 
   27   27    1    1    1    1    1    1    1    1  2.92276E-06 0.09373 
   28   28    1    1    1    1    1    1    1    1  2.69299E-06 0.10931 
   29   29    1    1    1    1    1    1    1    1  3.48830E-06 0.09162 
   30   30    1    1    1    1    1    1    1    1  4.19053E-06 0.08019 
   31   31    1    1    1    1    1    1    1    1  6.24279E-06 0.21775 
   32   32    1    1    1    1    1    1    1    1  4.87617E-06 0.07117 
   33   33    1    1    1    1    1    1    1    1  6.16252E-06 0.07338 
   34   34    1    1    1    1    1    1    1    1  6.81575E-06 0.06978 
   35   35    1    1    1    1    1    1    1    1  5.90822E-06 0.07394 
   36   36    1    1    1    1    1    1    1    1  7.67189E-06 0.06553 
   37   37    1    1    1    1    1    1    1    1  9.09018E-06 0.06551 
   38   38    1    1    1    1    1    1    1    1  1.02149E-05 0.06223 
   39   39    1    1    1    1    1    1    1    1  1.28335E-05 0.13535 
   40   40    1    1    1    1    1    1    1    1  1.21863E-05 0.05770 
   41   41    1    1    1    1    1    1    1    1  1.38746E-05 0.04779 
   42   42    1    1    1    1    1    1    1    1  1.60074E-05 0.05967 
   43   43    1    1    1    1    1    1    1    1  1.75982E-05 0.05203 
   44   44    1    1    1    1    1    1    1    1  2.00916E-05 0.05084 
   45   45    1    1    1    1    1    1    1    1  2.39307E-05 0.08957 
   46   46    1    1    1    1    1    1    1    1  2.73347E-05 0.08404 
   47   47    1    1    1    1    1    1    1    1  3.10680E-05 0.08047 
   48   48    1    1    1    1    1    1    1    1  3.28994E-05 0.07811 
   49   49    1    1    1    1    1    1    1    1  3.34807E-05 0.04039 
   50   50    1    1    1    1    1    1    1    1  4.35732E-05 0.05979 
   51   51    1    1    1    1    1    1    1    1  4.51380E-05 0.03382 
   52   52    1    1    1    1    1    1    1    1  4.89610E-05 0.03491 
   53   53    1    1    1    1    1    1    1    1  5.44859E-05 0.03296 
   54   54    1    1    1    1    1    1    1    1  6.12586E-05 0.02936 
   55   55    1    1    1    1    1    1    1    1  7.90254E-05 0.08336 
   56   56    1    1    1    1    1    1    1    1  8.06249E-05 0.04133 
   57   57    1    1    1    1    1    1    1    1  8.78132E-05 0.03867 
   58   58    1    1    1    1    1    1    1    1  1.01036E-04 0.02406 
   59   59    1    1    1    1    1    1    1    1  1.12034E-04 0.03515 
   60   60    1    1    1    1    1    1    1    1  1.21822E-04 0.02392 
   61   61    1    1    1    1    1    1    1    1  1.36354E-04 0.02378 
   62   62    1    1    1    1    1    1    1    1  1.59424E-04 0.05191 
   63   63    1    1    1    1    1    1    1    1  1.72559E-04 0.03369 
   64   64    1    1    1    1    1    1    1    1  1.97090E-04 0.02800 
   65   65    1    1    1    1    1    1    1    1  2.14047E-04 0.02441 
   66   66    1    1    1    1    1    1    1    1  2.51823E-04 0.02278 
   67   67    1    1    1    1    1    1    1    1  2.68749E-04 0.02354 
   68   68    1    1    1    1    1    1    1    1  3.09191E-04 0.02418 
   69   69    1    1    1    1    1    1    1    1  3.51617E-04 0.02484 
   70   70    1    1    1    1    1    1    1    1  3.89835E-04 0.02659 
   71   71    1    1    1    1    1    1    1    1  4.34289E-04 0.02317 
   72   72    1    1    1    1    1    1    1    1  4.70426E-04 0.01650 
   73   73    1    1    1    1    1    1    1    1  5.31908E-04 0.01452 
   74   74    1    1    1    1    1    1    1    1  6.13071E-04 0.01506 
   75   75    1    1    1    1    1    1    1    1  6.77082E-04 0.01774 
   76   76    1    1    1    1    1    1    1    1  7.45278E-04 0.01393 
   77   77    1    1    1    1    1    1    1    1  8.71854E-04 0.01851 
   78   78    1    1    1    1    1    1    1    1  9.95891E-04 0.01672 
   79   79    1    1    1    1    1    1    1    1  1.04856E-03 0.01292 
   80   80    1    1    1    1    1    1    1    1  1.20032E-03 0.01464 
   81   81    1    1    1    1    1    1    1    1  1.31157E-03 0.01286 
   82   82    1    1    1    1    1    1    1    1  1.49207E-03 0.01112 
   83   83    1    1    1    1    1    1    1    1  1.67500E-03 0.01260 
   84   84    1    1    1    1    1    1    1    1  1.88458E-03 0.01247 
   85   85    1    1    1    1    1    1    1    1  2.10161E-03 0.01295 
   86   86    1    1    1    1    1    1    1    1  2.30999E-03 0.01097 
   87   87    1    1    1    1    1    1    1    1  2.61519E-03 0.01112 
   88   88    1    1    1    1    1    1    1    1  2.96102E-03 0.01146 
   89   89    1    1    1    1    1    1    1    1  3.25142E-03 0.00993 
   90   90    1    1    1    1    1    1    1    1  3.54406E-03 0.00696 
   91   91    1    1    1    1    1    1    1    1  4.04578E-03 0.00937 
   92   92    1    1    1    1    1    1    1    1  4.48328E-03 0.00804 
   93   93    1    1    1    1    1    1    1    1  5.08519E-03 0.00840 
   94   94    1    1    1    1    1    1    1    1  5.66571E-03 0.00698 
   95   95    1    1    1    1    1    1    1    1  6.24844E-03 0.00710 
   96   96    1    1    1    1    1    1    1    1  6.99583E-03 0.00721 
   97   97    1    1    1    1    1    1    1    1  7.73652E-03 0.00710 
   98   98    1    1    1    1    1    1    1    1  8.67389E-03 0.00643 
   99   99    1    1    1    1    1    1    1    1  9.72038E-03 0.00722 
  100  100    1    1    1    1    1    1    1    1  1.08744E-02 0.00600 
  101  101    1    1    1    1    1    1    1    1  1.19766E-02 0.00596 
  102  102    1    1    1    1    1    1    1    1  1.34119E-02 0.00578 
  103  103    1    1    1    1    1    1    1    1  1.48362E-02 0.00579 
  104  104    1    1    1    1    1    1    1    1  1.65417E-02 0.00576 
  105  105    1    1    1    1    1    1    1    1  1.85581E-02 0.00481 
  106  106    1    1    1    1    1    1    1    1  2.05326E-02 0.00468 
  107  107    1    1    1    1    1    1    1    1  2.27909E-02 0.00460 
  108  108    1    1    1    1    1    1    1    1  2.53351E-02 0.00431 
  109  109    1    1    1    1    1    1    1    1  2.80156E-02 0.00415 
