
DETEnergyDetector = [
    1    1    1    1    1    1    1    1    1    1  2.06568E-06 0.07720 
    2    2    1    1    1    1    1    1    1    1  1.80132E-07 0.26974 
    3    3    1    1    1    1    1    1    1    1  2.24831E-07 0.27807 
    4    4    1    1    1    1    1    1    1    1  2.47325E-07 0.24344 
    5    5    1    1    1    1    1    1    1    1  2.94730E-07 0.21750 
    6    6    1    1    1    1    1    1    1    1  2.15548E-07 0.25729 
    7    7    1    1    1    1    1    1    1    1  1.78046E-07 0.27219 
    8    8    1    1    1    1    1    1    1    1  3.19312E-07 0.19498 
    9    9    1    1    1    1    1    1    1    1  4.72314E-07 0.18011 
   10   10    1    1    1    1    1    1    1    1  3.71682E-07 0.21327 
   11   11    1    1    1    1    1    1    1    1  5.28860E-07 0.17153 
   12   12    1    1    1    1    1    1    1    1  3.94314E-07 0.21247 
   13   13    1    1    1    1    1    1    1    1  5.98770E-07 0.16845 
   14   14    1    1    1    1    1    1    1    1  6.15370E-07 0.16378 
   15   15    1    1    1    1    1    1    1    1  8.20804E-07 0.14272 
   16   16    1    1    1    1    1    1    1    1  7.50508E-07 0.19076 
   17   17    1    1    1    1    1    1    1    1  7.82047E-07 0.15020 
   18   18    1    1    1    1    1    1    1    1  1.05249E-06 0.14330 
   19   19    1    1    1    1    1    1    1    1  1.37959E-06 0.12337 
   20   20    1    1    1    1    1    1    1    1  1.26554E-06 0.14377 
   21   21    1    1    1    1    1    1    1    1  1.58597E-06 0.12391 
   22   22    1    1    1    1    1    1    1    1  1.44369E-06 0.11879 
   23   23    1    1    1    1    1    1    1    1  2.07477E-06 0.10132 
   24   24    1    1    1    1    1    1    1    1  3.08984E-06 0.35696 
   25   25    1    1    1    1    1    1    1    1  2.48297E-06 0.09275 
   26   26    1    1    1    1    1    1    1    1  2.21117E-06 0.11448 
   27   27    1    1    1    1    1    1    1    1  2.53138E-06 0.11286 
   28   28    1    1    1    1    1    1    1    1  2.76000E-06 0.09877 
   29   29    1    1    1    1    1    1    1    1  2.88785E-06 0.09703 
   30   30    1    1    1    1    1    1    1    1  5.16826E-06 0.26241 
   31   31    1    1    1    1    1    1    1    1  4.09038E-06 0.08236 
   32   32    1    1    1    1    1    1    1    1  5.09572E-06 0.08453 
   33   33    1    1    1    1    1    1    1    1  5.87790E-06 0.07263 
   34   34    1    1    1    1    1    1    1    1  6.84375E-06 0.06621 
   35   35    1    1    1    1    1    1    1    1  7.72417E-06 0.06363 
   36   36    1    1    1    1    1    1    1    1  8.13036E-06 0.07028 
   37   37    1    1    1    1    1    1    1    1  8.43816E-06 0.05539 
   38   38    1    1    1    1    1    1    1    1  9.46513E-06 0.06243 
   39   39    1    1    1    1    1    1    1    1  1.19298E-05 0.06252 
   40   40    1    1    1    1    1    1    1    1  1.33577E-05 0.04992 
   41   41    1    1    1    1    1    1    1    1  1.48706E-05 0.04916 
   42   42    1    1    1    1    1    1    1    1  1.66798E-05 0.05163 
   43   43    1    1    1    1    1    1    1    1  1.92735E-05 0.10339 
   44   44    1    1    1    1    1    1    1    1  2.06556E-05 0.04386 
   45   45    1    1    1    1    1    1    1    1  2.18087E-05 0.04765 
   46   46    1    1    1    1    1    1    1    1  2.87268E-05 0.11112 
   47   47    1    1    1    1    1    1    1    1  2.77056E-05 0.04791 
   48   48    1    1    1    1    1    1    1    1  3.23756E-05 0.07689 
   49   49    1    1    1    1    1    1    1    1  3.50821E-05 0.03358 
   50   50    1    1    1    1    1    1    1    1  4.29347E-05 0.05597 
   51   51    1    1    1    1    1    1    1    1  4.69533E-05 0.05905 
   52   52    1    1    1    1    1    1    1    1  5.07048E-05 0.03075 
   53   53    1    1    1    1    1    1    1    1  5.15269E-05 0.03431 
   54   54    1    1    1    1    1    1    1    1  6.20856E-05 0.05701 
   55   55    1    1    1    1    1    1    1    1  6.99883E-05 0.04334 
   56   56    1    1    1    1    1    1    1    1  7.81623E-05 0.04719 
   57   57    1    1    1    1    1    1    1    1  8.85936E-05 0.02665 
   58   58    1    1    1    1    1    1    1    1  9.84176E-05 0.03847 
   59   59    1    1    1    1    1    1    1    1  1.13899E-04 0.04068 
   60   60    1    1    1    1    1    1    1    1  1.23132E-04 0.02346 
   61   61    1    1    1    1    1    1    1    1  1.38035E-04 0.03269 
   62   62    1    1    1    1    1    1    1    1  1.55691E-04 0.03169 
   63   63    1    1    1    1    1    1    1    1  1.73514E-04 0.02623 
   64   64    1    1    1    1    1    1    1    1  1.91340E-04 0.01885 
   65   65    1    1    1    1    1    1    1    1  2.26431E-04 0.02789 
   66   66    1    1    1    1    1    1    1    1  2.44223E-04 0.01844 
   67   67    1    1    1    1    1    1    1    1  2.69482E-04 0.02168 
   68   68    1    1    1    1    1    1    1    1  3.13908E-04 0.02190 
   69   69    1    1    1    1    1    1    1    1  3.54416E-04 0.02531 
   70   70    1    1    1    1    1    1    1    1  3.81699E-04 0.01922 
   71   71    1    1    1    1    1    1    1    1  4.41418E-04 0.02349 
   72   72    1    1    1    1    1    1    1    1  4.74409E-04 0.01909 
   73   73    1    1    1    1    1    1    1    1  5.39090E-04 0.01383 
   74   74    1    1    1    1    1    1    1    1  6.35390E-04 0.02023 
   75   75    1    1    1    1    1    1    1    1  6.82192E-04 0.01176 
   76   76    1    1    1    1    1    1    1    1  7.60055E-04 0.01374 
   77   77    1    1    1    1    1    1    1    1  8.54438E-04 0.01747 
   78   78    1    1    1    1    1    1    1    1  9.60153E-04 0.01245 
   79   79    1    1    1    1    1    1    1    1  1.06065E-03 0.01328 
   80   80    1    1    1    1    1    1    1    1  1.19180E-03 0.01320 
   81   81    1    1    1    1    1    1    1    1  1.33595E-03 0.01293 
   82   82    1    1    1    1    1    1    1    1  1.52372E-03 0.01403 
   83   83    1    1    1    1    1    1    1    1  1.64356E-03 0.01097 
   84   84    1    1    1    1    1    1    1    1  1.89300E-03 0.01448 
   85   85    1    1    1    1    1    1    1    1  2.07196E-03 0.01033 
   86   86    1    1    1    1    1    1    1    1  2.33901E-03 0.01037 
   87   87    1    1    1    1    1    1    1    1  2.62612E-03 0.01266 
   88   88    1    1    1    1    1    1    1    1  2.90260E-03 0.00950 
   89   89    1    1    1    1    1    1    1    1  3.25001E-03 0.00819 
   90   90    1    1    1    1    1    1    1    1  3.59799E-03 0.00855 
   91   91    1    1    1    1    1    1    1    1  4.02206E-03 0.00842 
   92   92    1    1    1    1    1    1    1    1  4.53740E-03 0.00893 
   93   93    1    1    1    1    1    1    1    1  5.06170E-03 0.00732 
   94   94    1    1    1    1    1    1    1    1  5.69147E-03 0.00732 
   95   95    1    1    1    1    1    1    1    1  6.33907E-03 0.00746 
   96   96    1    1    1    1    1    1    1    1  7.05531E-03 0.00661 
   97   97    1    1    1    1    1    1    1    1  7.79351E-03 0.00615 
   98   98    1    1    1    1    1    1    1    1  8.72544E-03 0.00583 
   99   99    1    1    1    1    1    1    1    1  9.80112E-03 0.00563 
  100  100    1    1    1    1    1    1    1    1  1.07689E-02 0.00584 
  101  101    1    1    1    1    1    1    1    1  1.21889E-02 0.00616 
  102  102    1    1    1    1    1    1    1    1  1.34781E-02 0.00594 
  103  103    1    1    1    1    1    1    1    1  1.49389E-02 0.00483 
  104  104    1    1    1    1    1    1    1    1  1.66330E-02 0.00508 
  105  105    1    1    1    1    1    1    1    1  1.86188E-02 0.00522 
  106  106    1    1    1    1    1    1    1    1  2.05439E-02 0.00343 
  107  107    1    1    1    1    1    1    1    1  2.29644E-02 0.00411 
  108  108    1    1    1    1    1    1    1    1  2.53617E-02 0.00507 
  109  109    1    1    1    1    1    1    1    1  2.81016E-02 0.00433 
