
DETEnergyDetector = [
    1    1    1    1    1    1    1    1    1    1  1.66168E-06 0.07887 
    2    2    1    1    1    1    1    1    1    1  2.18693E-07 0.22213 
    3    3    1    1    1    1    1    1    1    1  1.85197E-07 0.28777 
    4    4    1    1    1    1    1    1    1    1  3.57263E-07 0.17797 
    5    5    1    1    1    1    1    1    1    1  2.94948E-07 0.21745 
    6    6    1    1    1    1    1    1    1    1  1.58037E-07 0.28592 
    7    7    1    1    1    1    1    1    1    1  2.66072E-07 0.22913 
    8    8    1    1    1    1    1    1    1    1  3.23505E-07 0.24238 
    9    9    1    1    1    1    1    1    1    1  5.11157E-07 0.19747 
   10   10    1    1    1    1    1    1    1    1  3.37231E-07 0.22703 
   11   11    1    1    1    1    1    1    1    1  4.59803E-07 0.19021 
   12   12    1    1    1    1    1    1    1    1  6.28617E-07 0.16133 
   13   13    1    1    1    1    1    1    1    1  4.67513E-07 0.21374 
   14   14    1    1    1    1    1    1    1    1  4.35548E-07 0.22241 
   15   15    1    1    1    1    1    1    1    1  5.79486E-07 0.18071 
   16   16    1    1    1    1    1    1    1    1  1.07362E-06 0.13305 
   17   17    1    1    1    1    1    1    1    1  9.09984E-07 0.12541 
   18   18    1    1    1    1    1    1    1    1  1.05579E-06 0.14606 
   19   19    1    1    1    1    1    1    1    1  1.10187E-06 0.13457 
   20   20    1    1    1    1    1    1    1    1  1.25853E-06 0.11872 
   21   21    1    1    1    1    1    1    1    1  1.60514E-06 0.10794 
   22   22    1    1    1    1    1    1    1    1  2.88979E-06 0.37021 
   23   23    1    1    1    1    1    1    1    1  1.91572E-06 0.12618 
   24   24    1    1    1    1    1    1    1    1  1.85615E-06 0.09966 
   25   25    1    1    1    1    1    1    1    1  1.82967E-06 0.11290 
   26   26    1    1    1    1    1    1    1    1  3.66571E-06 0.32704 
   27   27    1    1    1    1    1    1    1    1  2.87866E-06 0.08919 
   28   28    1    1    1    1    1    1    1    1  3.08724E-06 0.08959 
   29   29    1    1    1    1    1    1    1    1  3.83672E-06 0.08073 
   30   30    1    1    1    1    1    1    1    1  3.71873E-06 0.08396 
   31   31    1    1    1    1    1    1    1    1  4.97892E-06 0.08002 
   32   32    1    1    1    1    1    1    1    1  4.99351E-06 0.08306 
   33   33    1    1    1    1    1    1    1    1  5.38976E-06 0.07717 
   34   34    1    1    1    1    1    1    1    1  6.74471E-06 0.07101 
   35   35    1    1    1    1    1    1    1    1  6.43688E-06 0.07472 
   36   36    1    1    1    1    1    1    1    1  8.06047E-06 0.06596 
   37   37    1    1    1    1    1    1    1    1  8.42464E-06 0.06275 
   38   38    1    1    1    1    1    1    1    1  9.68129E-06 0.05970 
   39   39    1    1    1    1    1    1    1    1  1.06866E-05 0.05747 
   40   40    1    1    1    1    1    1    1    1  1.27218E-05 0.05603 
   41   41    1    1    1    1    1    1    1    1  1.60413E-05 0.12932 
   42   42    1    1    1    1    1    1    1    1  1.60216E-05 0.05353 
   43   43    1    1    1    1    1    1    1    1  2.04665E-05 0.10144 
   44   44    1    1    1    1    1    1    1    1  2.03361E-05 0.04794 
   45   45    1    1    1    1    1    1    1    1  2.16385E-05 0.04787 
   46   46    1    1    1    1    1    1    1    1  2.57491E-05 0.03785 
   47   47    1    1    1    1    1    1    1    1  2.82769E-05 0.04254 
   48   48    1    1    1    1    1    1    1    1  3.05826E-05 0.04443 
   49   49    1    1    1    1    1    1    1    1  3.42627E-05 0.03563 
   50   50    1    1    1    1    1    1    1    1  4.10147E-05 0.04172 
   51   51    1    1    1    1    1    1    1    1  4.23122E-05 0.03560 
   52   52    1    1    1    1    1    1    1    1  4.70246E-05 0.03066 
   53   53    1    1    1    1    1    1    1    1  5.55883E-05 0.03341 
   54   54    1    1    1    1    1    1    1    1  6.35267E-05 0.05122 
   55   55    1    1    1    1    1    1    1    1  7.57804E-05 0.05703 
   56   56    1    1    1    1    1    1    1    1  8.63245E-05 0.04773 
   57   57    1    1    1    1    1    1    1    1  8.96236E-05 0.02644 
   58   58    1    1    1    1    1    1    1    1  9.63610E-05 0.02761 
   59   59    1    1    1    1    1    1    1    1  1.12924E-04 0.03947 
   60   60    1    1    1    1    1    1    1    1  1.23887E-04 0.03475 
   61   61    1    1    1    1    1    1    1    1  1.35783E-04 0.02045 
   62   62    1    1    1    1    1    1    1    1  1.65256E-04 0.03249 
   63   63    1    1    1    1    1    1    1    1  1.76301E-04 0.03000 
   64   64    1    1    1    1    1    1    1    1  1.98507E-04 0.02930 
   65   65    1    1    1    1    1    1    1    1  2.30761E-04 0.03641 
   66   66    1    1    1    1    1    1    1    1  2.55693E-04 0.02691 
   67   67    1    1    1    1    1    1    1    1  2.75862E-04 0.02295 
   68   68    1    1    1    1    1    1    1    1  3.20070E-04 0.03050 
   69   69    1    1    1    1    1    1    1    1  3.53069E-04 0.02787 
   70   70    1    1    1    1    1    1    1    1  3.90365E-04 0.02114 
   71   71    1    1    1    1    1    1    1    1  4.44281E-04 0.01944 
   72   72    1    1    1    1    1    1    1    1  4.70826E-04 0.01418 
   73   73    1    1    1    1    1    1    1    1  5.31924E-04 0.01443 
   74   74    1    1    1    1    1    1    1    1  6.12055E-04 0.02005 
   75   75    1    1    1    1    1    1    1    1  6.88656E-04 0.02026 
   76   76    1    1    1    1    1    1    1    1  7.56246E-04 0.01786 
   77   77    1    1    1    1    1    1    1    1  8.39951E-04 0.01637 
   78   78    1    1    1    1    1    1    1    1  9.28037E-04 0.01423 
   79   79    1    1    1    1    1    1    1    1  1.08063E-03 0.01594 
   80   80    1    1    1    1    1    1    1    1  1.20762E-03 0.01570 
   81   81    1    1    1    1    1    1    1    1  1.34302E-03 0.01474 
   82   82    1    1    1    1    1    1    1    1  1.51764E-03 0.01398 
   83   83    1    1    1    1    1    1    1    1  1.65181E-03 0.01154 
   84   84    1    1    1    1    1    1    1    1  1.87867E-03 0.01210 
   85   85    1    1    1    1    1    1    1    1  2.04862E-03 0.00913 
   86   86    1    1    1    1    1    1    1    1  2.29948E-03 0.01015 
   87   87    1    1    1    1    1    1    1    1  2.64141E-03 0.01067 
   88   88    1    1    1    1    1    1    1    1  2.88934E-03 0.00907 
   89   89    1    1    1    1    1    1    1    1  3.23348E-03 0.00939 
   90   90    1    1    1    1    1    1    1    1  3.61810E-03 0.01094 
   91   91    1    1    1    1    1    1    1    1  4.07570E-03 0.00831 
   92   92    1    1    1    1    1    1    1    1  4.53532E-03 0.01026 
   93   93    1    1    1    1    1    1    1    1  5.03028E-03 0.00905 
   94   94    1    1    1    1    1    1    1    1  5.68984E-03 0.00890 
   95   95    1    1    1    1    1    1    1    1  6.29629E-03 0.00738 
   96   96    1    1    1    1    1    1    1    1  7.02842E-03 0.00750 
   97   97    1    1    1    1    1    1    1    1  7.83232E-03 0.00653 
   98   98    1    1    1    1    1    1    1    1  8.69449E-03 0.00736 
   99   99    1    1    1    1    1    1    1    1  9.87945E-03 0.00693 
  100  100    1    1    1    1    1    1    1    1  1.08016E-02 0.00605 
  101  101    1    1    1    1    1    1    1    1  1.20463E-02 0.00536 
  102  102    1    1    1    1    1    1    1    1  1.34000E-02 0.00557 
  103  103    1    1    1    1    1    1    1    1  1.50236E-02 0.00521 
  104  104    1    1    1    1    1    1    1    1  1.65793E-02 0.00496 
  105  105    1    1    1    1    1    1    1    1  1.84940E-02 0.00494 
  106  106    1    1    1    1    1    1    1    1  2.04648E-02 0.00472 
  107  107    1    1    1    1    1    1    1    1  2.28318E-02 0.00424 
  108  108    1    1    1    1    1    1    1    1  2.53648E-02 0.00422 
  109  109    1    1    1    1    1    1    1    1  2.82690E-02 0.00399 
