
DETEnergyDetector = [
    1    1    1    1    1    1    1    1    1    1  1.76535E-06 0.08237 
    2    2    1    1    1    1    1    1    1    1  1.54595E-07 0.27223 
    3    3    1    1    1    1    1    1    1    1  2.48404E-07 0.29713 
    4    4    1    1    1    1    1    1    1    1  2.58272E-07 0.20759 
    5    5    1    1    1    1    1    1    1    1  1.06651E-06 0.60236 
    6    6    1    1    1    1    1    1    1    1  2.57476E-07 0.21454 
    7    7    1    1    1    1    1    1    1    1  3.82967E-07 0.20874 
    8    8    1    1    1    1    1    1    1    1  3.68543E-07 0.19738 
    9    9    1    1    1    1    1    1    1    1  3.90575E-07 0.20812 
   10   10    1    1    1    1    1    1    1    1  5.01933E-07 0.17598 
   11   11    1    1    1    1    1    1    1    1  6.01230E-07 0.17558 
   12   12    1    1    1    1    1    1    1    1  4.42795E-07 0.21512 
   13   13    1    1    1    1    1    1    1    1  3.51178E-07 0.21316 
   14   14    1    1    1    1    1    1    1    1  4.32653E-07 0.22298 
   15   15    1    1    1    1    1    1    1    1  7.61547E-07 0.15187 
   16   16    1    1    1    1    1    1    1    1  7.62242E-07 0.15106 
   17   17    1    1    1    1    1    1    1    1  8.47437E-07 0.16631 
   18   18    1    1    1    1    1    1    1    1  9.06826E-07 0.16237 
   19   19    1    1    1    1    1    1    1    1  1.06809E-06 0.14269 
   20   20    1    1    1    1    1    1    1    1  1.37277E-06 0.12162 
   21   21    1    1    1    1    1    1    1    1  2.09040E-06 0.10799 
   22   22    1    1    1    1    1    1    1    1  1.63031E-06 0.10483 
   23   23    1    1    1    1    1    1    1    1  2.27342E-06 0.09291 
   24   24    1    1    1    1    1    1    1    1  2.13346E-06 0.10433 
   25   25    1    1    1    1    1    1    1    1  2.32948E-06 0.10628 
   26   26    1    1    1    1    1    1    1    1  2.61202E-06 0.09819 
   27   27    1    1    1    1    1    1    1    1  2.73556E-06 0.08370 
   28   28    1    1    1    1    1    1    1    1  3.67102E-06 0.08253 
   29   29    1    1    1    1    1    1    1    1  3.85468E-06 0.09254 
   30   30    1    1    1    1    1    1    1    1  4.37304E-06 0.07613 
   31   31    1    1    1    1    1    1    1    1  4.51652E-06 0.08391 
   32   32    1    1    1    1    1    1    1    1  5.82407E-06 0.06787 
   33   33    1    1    1    1    1    1    1    1  5.51516E-06 0.07500 
   34   34    1    1    1    1    1    1    1    1  6.08184E-06 0.08209 
   35   35    1    1    1    1    1    1    1    1  7.27913E-06 0.06492 
   36   36    1    1    1    1    1    1    1    1  8.74297E-06 0.06747 
   37   37    1    1    1    1    1    1    1    1  9.11025E-06 0.06534 
   38   38    1    1    1    1    1    1    1    1  1.10678E-05 0.05476 
   39   39    1    1    1    1    1    1    1    1  1.16605E-05 0.05880 
   40   40    1    1    1    1    1    1    1    1  1.28437E-05 0.05875 
   41   41    1    1    1    1    1    1    1    1  1.42930E-05 0.05366 
   42   42    1    1    1    1    1    1    1    1  1.53009E-05 0.05066 
   43   43    1    1    1    1    1    1    1    1  1.79881E-05 0.05289 
   44   44    1    1    1    1    1    1    1    1  2.01181E-05 0.04918 
   45   45    1    1    1    1    1    1    1    1  2.23824E-05 0.04775 
   46   46    1    1    1    1    1    1    1    1  2.62299E-05 0.04469 
   47   47    1    1    1    1    1    1    1    1  2.93060E-05 0.04177 
   48   48    1    1    1    1    1    1    1    1  3.02054E-05 0.03491 
   49   49    1    1    1    1    1    1    1    1  3.93602E-05 0.06694 
   50   50    1    1    1    1    1    1    1    1  3.96197E-05 0.03294 
   51   51    1    1    1    1    1    1    1    1  4.73444E-05 0.06056 
   52   52    1    1    1    1    1    1    1    1  4.75741E-05 0.03085 
   53   53    1    1    1    1    1    1    1    1  5.52395E-05 0.03161 
   54   54    1    1    1    1    1    1    1    1  6.07967E-05 0.03343 
   55   55    1    1    1    1    1    1    1    1  7.26601E-05 0.04923 
   56   56    1    1    1    1    1    1    1    1  7.92942E-05 0.02716 
   57   57    1    1    1    1    1    1    1    1  8.54864E-05 0.02529 
   58   58    1    1    1    1    1    1    1    1  1.07161E-04 0.04272 
   59   59    1    1    1    1    1    1    1    1  1.13431E-04 0.02510 
   60   60    1    1    1    1    1    1    1    1  1.20324E-04 0.02475 
   61   61    1    1    1    1    1    1    1    1  1.39536E-04 0.02739 
   62   62    1    1    1    1    1    1    1    1  1.50479E-04 0.02266 
   63   63    1    1    1    1    1    1    1    1  1.75992E-04 0.02815 
   64   64    1    1    1    1    1    1    1    1  1.99027E-04 0.02644 
   65   65    1    1    1    1    1    1    1    1  2.18508E-04 0.02454 
   66   66    1    1    1    1    1    1    1    1  2.57858E-04 0.03587 
   67   67    1    1    1    1    1    1    1    1  2.62165E-04 0.01864 
   68   68    1    1    1    1    1    1    1    1  3.03396E-04 0.02080 
   69   69    1    1    1    1    1    1    1    1  3.35754E-04 0.02008 
   70   70    1    1    1    1    1    1    1    1  3.83617E-04 0.02298 
   71   71    1    1    1    1    1    1    1    1  4.37033E-04 0.02000 
   72   72    1    1    1    1    1    1    1    1  4.70187E-04 0.01770 
   73   73    1    1    1    1    1    1    1    1  5.54073E-04 0.02350 
   74   74    1    1    1    1    1    1    1    1  6.12492E-04 0.01562 
   75   75    1    1    1    1    1    1    1    1  6.53889E-04 0.01412 
   76   76    1    1    1    1    1    1    1    1  7.57461E-04 0.01277 
   77   77    1    1    1    1    1    1    1    1  8.55477E-04 0.01391 
   78   78    1    1    1    1    1    1    1    1  9.33770E-04 0.01282 
   79   79    1    1    1    1    1    1    1    1  1.06714E-03 0.01679 
   80   80    1    1    1    1    1    1    1    1  1.21448E-03 0.01656 
   81   81    1    1    1    1    1    1    1    1  1.34058E-03 0.01546 
   82   82    1    1    1    1    1    1    1    1  1.48197E-03 0.01435 
   83   83    1    1    1    1    1    1    1    1  1.68824E-03 0.01389 
   84   84    1    1    1    1    1    1    1    1  1.86448E-03 0.01001 
   85   85    1    1    1    1    1    1    1    1  2.07218E-03 0.01051 
   86   86    1    1    1    1    1    1    1    1  2.34546E-03 0.01002 
   87   87    1    1    1    1    1    1    1    1  2.60981E-03 0.00987 
   88   88    1    1    1    1    1    1    1    1  2.87468E-03 0.00830 
   89   89    1    1    1    1    1    1    1    1  3.25385E-03 0.00873 
   90   90    1    1    1    1    1    1    1    1  3.64757E-03 0.00882 
   91   91    1    1    1    1    1    1    1    1  4.08743E-03 0.00834 
   92   92    1    1    1    1    1    1    1    1  4.45081E-03 0.00829 
   93   93    1    1    1    1    1    1    1    1  4.99884E-03 0.00896 
   94   94    1    1    1    1    1    1    1    1  5.62353E-03 0.00771 
   95   95    1    1    1    1    1    1    1    1  6.24177E-03 0.00708 
   96   96    1    1    1    1    1    1    1    1  6.88882E-03 0.00719 
   97   97    1    1    1    1    1    1    1    1  7.85880E-03 0.00713 
   98   98    1    1    1    1    1    1    1    1  8.76603E-03 0.00645 
   99   99    1    1    1    1    1    1    1    1  9.76231E-03 0.00662 
  100  100    1    1    1    1    1    1    1    1  1.06926E-02 0.00565 
  101  101    1    1    1    1    1    1    1    1  1.20370E-02 0.00596 
  102  102    1    1    1    1    1    1    1    1  1.34572E-02 0.00562 
  103  103    1    1    1    1    1    1    1    1  1.50295E-02 0.00595 
  104  104    1    1    1    1    1    1    1    1  1.66824E-02 0.00525 
  105  105    1    1    1    1    1    1    1    1  1.85589E-02 0.00541 
  106  106    1    1    1    1    1    1    1    1  2.06235E-02 0.00521 
  107  107    1    1    1    1    1    1    1    1  2.27857E-02 0.00477 
  108  108    1    1    1    1    1    1    1    1  2.53679E-02 0.00422 
  109  109    1    1    1    1    1    1    1    1  2.83389E-02 0.00368 
