
DETEnergyDetector = [
    1    1    1    1    1    1    1    1    1    1  2.76351E-08 0.70355 
    2    2    1    1    1    1    1    1    1    1  0.00000E+00 0.00000 
    3    3    1    1    1    1    1    1    1    1  0.00000E+00 0.00000 
    4    4    1    1    1    1    1    1    1    1  0.00000E+00 0.00000 
    5    5    1    1    1    1    1    1    1    1  0.00000E+00 0.00000 
    6    6    1    1    1    1    1    1    1    1  0.00000E+00 0.00000 
    7    7    1    1    1    1    1    1    1    1  1.66493E-08 1.00000 
    8    8    1    1    1    1    1    1    1    1  2.06597E-08 0.70353 
    9    9    1    1    1    1    1    1    1    1  0.00000E+00 0.00000 
   10   10    1    1    1    1    1    1    1    1  0.00000E+00 0.00000 
   11   11    1    1    1    1    1    1    1    1  0.00000E+00 0.00000 
   12   12    1    1    1    1    1    1    1    1  1.17614E-08 1.00000 
   13   13    1    1    1    1    1    1    1    1  1.99432E-08 1.00000 
   14   14    1    1    1    1    1    1    1    1  2.09416E-08 1.00000 
   15   15    1    1    1    1    1    1    1    1  0.00000E+00 0.00000 
   16   16    1    1    1    1    1    1    1    1  0.00000E+00 0.00000 
   17   17    1    1    1    1    1    1    1    1  3.57873E-08 0.72061 
   18   18    1    1    1    1    1    1    1    1  3.79604E-08 0.72263 
   19   19    1    1    1    1    1    1    1    1  0.00000E+00 0.00000 
   20   20    1    1    1    1    1    1    1    1  8.66680E-08 0.84349 
   21   21    1    1    1    1    1    1    1    1  0.00000E+00 0.00000 
   22   22    1    1    1    1    1    1    1    1  8.87889E-08 0.55632 
   23   23    1    1    1    1    1    1    1    1  3.24991E-08 0.70353 
   24   24    1    1    1    1    1    1    1    1  9.79516E-08 0.39787 
   25   25    1    1    1    1    1    1    1    1  8.49401E-08 0.43814 
   26   26    1    1    1    1    1    1    1    1  1.28833E-07 0.41134 
   27   27    1    1    1    1    1    1    1    1  1.50961E-07 0.37998 
   28   28    1    1    1    1    1    1    1    1  1.59573E-07 0.34741 
   29   29    1    1    1    1    1    1    1    1  2.01801E-07 0.38582 
   30   30    1    1    1    1    1    1    1    1  2.33204E-07 0.27221 
   31   31    1    1    1    1    1    1    1    1  2.98300E-07 0.25340 
   32   32    1    1    1    1    1    1    1    1  4.37389E-07 0.20497 
   33   33    1    1    1    1    1    1    1    1  7.79264E-07 0.18679 
   34   34    1    1    1    1    1    1    1    1  2.00310E-06 0.11120 
   35   35    1    1    1    1    1    1    1    1  1.10685E-06 0.14612 
   36   36    1    1    1    1    1    1    1    1  9.65543E-07 0.17365 
   37   37    1    1    1    1    1    1    1    1  1.30192E-06 0.17328 
   38   38    1    1    1    1    1    1    1    1  1.01082E-06 0.17089 
   39   39    1    1    1    1    1    1    1    1  1.32904E-06 0.15282 
   40   40    1    1    1    1    1    1    1    1  1.32901E-06 0.13077 
   41   41    1    1    1    1    1    1    1    1  1.69706E-06 0.12491 
   42   42    1    1    1    1    1    1    1    1  2.21550E-06 0.12337 
   43   43    1    1    1    1    1    1    1    1  2.10508E-06 0.12301 
   44   44    1    1    1    1    1    1    1    1  2.71337E-06 0.10926 
   45   45    1    1    1    1    1    1    1    1  3.37939E-06 0.10624 
   46   46    1    1    1    1    1    1    1    1  4.20797E-06 0.08369 
   47   47    1    1    1    1    1    1    1    1  1.02803E-05 0.05031 
   48   48    1    1    1    1    1    1    1    1  5.72742E-06 0.08169 
   49   49    1    1    1    1    1    1    1    1  6.66472E-06 0.08374 
   50   50    1    1    1    1    1    1    1    1  7.03357E-06 0.06807 
   51   51    1    1    1    1    1    1    1    1  7.89842E-06 0.07438 
   52   52    1    1    1    1    1    1    1    1  9.06753E-06 0.06955 
   53   53    1    1    1    1    1    1    1    1  9.17102E-06 0.06861 
   54   54    1    1    1    1    1    1    1    1  1.41791E-05 0.05903 
   55   55    1    1    1    1    1    1    1    1  1.31563E-05 0.06098 
   56   56    1    1    1    1    1    1    1    1  2.39728E-05 0.04190 
   57   57    1    1    1    1    1    1    1    1  1.73293E-05 0.05326 
   58   58    1    1    1    1    1    1    1    1  2.43403E-05 0.12266 
   59   59    1    1    1    1    1    1    1    1  2.41470E-05 0.04449 
   60   60    1    1    1    1    1    1    1    1  3.88901E-05 0.03725 
   61   61    1    1    1    1    1    1    1    1  2.99527E-05 0.10539 
   62   62    1    1    1    1    1    1    1    1  3.53801E-05 0.09348 
   63   63    1    1    1    1    1    1    1    1  3.78062E-05 0.09426 
   64   64    1    1    1    1    1    1    1    1  3.81374E-05 0.03934 
   65   65    1    1    1    1    1    1    1    1  4.51234E-05 0.03628 
   66   66    1    1    1    1    1    1    1    1  4.67820E-05 0.03615 
   67   67    1    1    1    1    1    1    1    1  6.50987E-05 0.06344 
   68   68    1    1    1    1    1    1    1    1  1.18671E-04 0.04336 
   69   69    1    1    1    1    1    1    1    1  9.58312E-05 0.04681 
   70   70    1    1    1    1    1    1    1    1  1.44381E-04 0.04467 
   71   71    1    1    1    1    1    1    1    1  1.13846E-04 0.03858 
   72   72    1    1    1    1    1    1    1    1  1.18160E-04 0.04156 
   73   73    1    1    1    1    1    1    1    1  1.25087E-04 0.02515 
   74   74    1    1    1    1    1    1    1    1  1.53630E-04 0.02312 
   75   75    1    1    1    1    1    1    1    1  1.65101E-04 0.03429 
   76   76    1    1    1    1    1    1    1    1  2.02596E-04 0.04200 
   77   77    1    1    1    1    1    1    1    1  2.04583E-04 0.02900 
   78   78    1    1    1    1    1    1    1    1  2.62863E-04 0.02686 
   79   79    1    1    1    1    1    1    1    1  2.92376E-04 0.02861 
   80   80    1    1    1    1    1    1    1    1  3.57730E-04 0.02775 
   81   81    1    1    1    1    1    1    1    1  4.59967E-04 0.01896 
   82   82    1    1    1    1    1    1    1    1  6.11595E-04 0.01859 
   83   83    1    1    1    1    1    1    1    1  5.44975E-04 0.01276 
   84   84    1    1    1    1    1    1    1    1  5.78620E-04 0.01483 
   85   85    1    1    1    1    1    1    1    1  2.73046E-03 0.00867 
   86   86    1    1    1    1    1    1    1    1  2.09555E-03 0.00904 
   87   87    1    1    1    1    1    1    1    1  1.08671E-03 0.01409 
   88   88    1    1    1    1    1    1    1    1  1.11056E-03 0.01384 
   89   89    1    1    1    1    1    1    1    1  1.18104E-03 0.01235 
   90   90    1    1    1    1    1    1    1    1  1.51383E-03 0.01112 
   91   91    1    1    1    1    1    1    1    1  1.46007E-03 0.01264 
   92   92    1    1    1    1    1    1    1    1  1.52458E-03 0.01403 
   93   93    1    1    1    1    1    1    1    1  1.72819E-03 0.01399 
   94   94    1    1    1    1    1    1    1    1  2.31922E-03 0.01074 
   95   95    1    1    1    1    1    1    1    1  2.13809E-03 0.01101 
   96   96    1    1    1    1    1    1    1    1  2.17917E-03 0.01332 
   97   97    1    1    1    1    1    1    1    1  2.35726E-03 0.00970 
   98   98    1    1    1    1    1    1    1    1  2.59160E-03 0.01021 
   99   99    1    1    1    1    1    1    1    1  2.79072E-03 0.00999 
  100  100    1    1    1    1    1    1    1    1  3.42006E-03 0.00972 
  101  101    1    1    1    1    1    1    1    1  3.85314E-03 0.00935 
  102  102    1    1    1    1    1    1    1    1  4.55684E-03 0.00819 
  103  103    1    1    1    1    1    1    1    1  4.99219E-03 0.00949 
  104  104    1    1    1    1    1    1    1    1  5.40780E-03 0.00831 
  105  105    1    1    1    1    1    1    1    1  6.61746E-03 0.00748 
  106  106    1    1    1    1    1    1    1    1  8.38296E-03 0.00618 
  107  107    1    1    1    1    1    1    1    1  2.48775E-02 0.00366 
  108  108    1    1    1    1    1    1    1    1  1.11750E-02 0.00521 
  109  109    1    1    1    1    1    1    1    1  1.12775E-02 0.00515 
