
DETEnergyDetector = [
    1    1    1    1    1    1    1    1    1    1  1.93045E-06 0.08701 
    2    2    1    1    1    1    1    1    1    1  1.27598E-07 0.33234 
    3    3    1    1    1    1    1    1    1    1  1.97307E-07 0.25722 
    4    4    1    1    1    1    1    1    1    1  2.43439E-07 0.24224 
    5    5    1    1    1    1    1    1    1    1  1.81229E-07 0.28153 
    6    6    1    1    1    1    1    1    1    1  2.70631E-07 0.22061 
    7    7    1    1    1    1    1    1    1    1  2.81757E-07 0.22116 
    8    8    1    1    1    1    1    1    1    1  4.30690E-07 0.18444 
    9    9    1    1    1    1    1    1    1    1  3.44550E-07 0.21947 
   10   10    1    1    1    1    1    1    1    1  3.84733E-07 0.17890 
   11   11    1    1    1    1    1    1    1    1  4.76777E-07 0.18501 
   12   12    1    1    1    1    1    1    1    1  6.11116E-07 0.15146 
   13   13    1    1    1    1    1    1    1    1  5.68742E-07 0.19687 
   14   14    1    1    1    1    1    1    1    1  6.30703E-07 0.16991 
   15   15    1    1    1    1    1    1    1    1  8.63052E-07 0.18175 
   16   16    1    1    1    1    1    1    1    1  7.45001E-07 0.16281 
   17   17    1    1    1    1    1    1    1    1  1.04339E-06 0.17576 
   18   18    1    1    1    1    1    1    1    1  1.15361E-06 0.14128 
   19   19    1    1    1    1    1    1    1    1  1.05700E-06 0.13222 
   20   20    1    1    1    1    1    1    1    1  1.02318E-06 0.13746 
   21   21    1    1    1    1    1    1    1    1  1.43172E-06 0.15141 
   22   22    1    1    1    1    1    1    1    1  2.07783E-06 0.09830 
   23   23    1    1    1    1    1    1    1    1  1.90673E-06 0.11259 
   24   24    1    1    1    1    1    1    1    1  2.34383E-06 0.10374 
   25   25    1    1    1    1    1    1    1    1  2.48161E-06 0.10933 
   26   26    1    1    1    1    1    1    1    1  2.45540E-06 0.09449 
   27   27    1    1    1    1    1    1    1    1  2.73190E-06 0.08929 
   28   28    1    1    1    1    1    1    1    1  3.30836E-06 0.09509 
   29   29    1    1    1    1    1    1    1    1  3.66886E-06 0.08825 
   30   30    1    1    1    1    1    1    1    1  4.97219E-06 0.07730 
   31   31    1    1    1    1    1    1    1    1  4.55666E-06 0.08345 
   32   32    1    1    1    1    1    1    1    1  4.72618E-06 0.07659 
   33   33    1    1    1    1    1    1    1    1  5.16499E-06 0.07556 
   34   34    1    1    1    1    1    1    1    1  6.59265E-06 0.06444 
   35   35    1    1    1    1    1    1    1    1  6.93641E-06 0.06821 
   36   36    1    1    1    1    1    1    1    1  8.44203E-06 0.06959 
   37   37    1    1    1    1    1    1    1    1  9.95714E-06 0.17565 
   38   38    1    1    1    1    1    1    1    1  1.04928E-05 0.06452 
   39   39    1    1    1    1    1    1    1    1  1.23491E-05 0.05494 
   40   40    1    1    1    1    1    1    1    1  1.26735E-05 0.05582 
   41   41    1    1    1    1    1    1    1    1  1.38861E-05 0.05335 
   42   42    1    1    1    1    1    1    1    1  1.51795E-05 0.05399 
   43   43    1    1    1    1    1    1    1    1  2.10893E-05 0.09616 
   44   44    1    1    1    1    1    1    1    1  2.29813E-05 0.09310 
   45   45    1    1    1    1    1    1    1    1  2.12909E-05 0.04694 
   46   46    1    1    1    1    1    1    1    1  2.66183E-05 0.04230 
   47   47    1    1    1    1    1    1    1    1  3.35913E-05 0.08224 
   48   48    1    1    1    1    1    1    1    1  3.17489E-05 0.03898 
   49   49    1    1    1    1    1    1    1    1  3.53465E-05 0.03864 
   50   50    1    1    1    1    1    1    1    1  4.12666E-05 0.03539 
   51   51    1    1    1    1    1    1    1    1  4.59601E-05 0.03751 
   52   52    1    1    1    1    1    1    1    1  4.94228E-05 0.02869 
   53   53    1    1    1    1    1    1    1    1  5.49837E-05 0.03373 
   54   54    1    1    1    1    1    1    1    1  6.37428E-05 0.03339 
   55   55    1    1    1    1    1    1    1    1  7.50346E-05 0.04705 
   56   56    1    1    1    1    1    1    1    1  7.74314E-05 0.02680 
   57   57    1    1    1    1    1    1    1    1  9.18719E-05 0.04369 
   58   58    1    1    1    1    1    1    1    1  1.00272E-04 0.02589 
   59   59    1    1    1    1    1    1    1    1  1.13162E-04 0.02312 
   60   60    1    1    1    1    1    1    1    1  1.23483E-04 0.03524 
   61   61    1    1    1    1    1    1    1    1  1.47453E-04 0.03751 
   62   62    1    1    1    1    1    1    1    1  1.57055E-04 0.02988 
   63   63    1    1    1    1    1    1    1    1  1.80575E-04 0.03214 
   64   64    1    1    1    1    1    1    1    1  1.95659E-04 0.01841 
   65   65    1    1    1    1    1    1    1    1  2.14099E-04 0.01863 
   66   66    1    1    1    1    1    1    1    1  2.44030E-04 0.02024 
   67   67    1    1    1    1    1    1    1    1  2.78266E-04 0.02099 
   68   68    1    1    1    1    1    1    1    1  3.10012E-04 0.01986 
   69   69    1    1    1    1    1    1    1    1  3.50037E-04 0.02512 
   70   70    1    1    1    1    1    1    1    1  3.86295E-04 0.01956 
   71   71    1    1    1    1    1    1    1    1  4.31755E-04 0.01539 
   72   72    1    1    1    1    1    1    1    1  4.87248E-04 0.01855 
   73   73    1    1    1    1    1    1    1    1  5.29149E-04 0.01659 
   74   74    1    1    1    1    1    1    1    1  6.05693E-04 0.01482 
   75   75    1    1    1    1    1    1    1    1  6.80435E-04 0.01652 
   76   76    1    1    1    1    1    1    1    1  7.70939E-04 0.01561 
   77   77    1    1    1    1    1    1    1    1  8.50709E-04 0.01742 
   78   78    1    1    1    1    1    1    1    1  9.55696E-04 0.01654 
   79   79    1    1    1    1    1    1    1    1  1.06940E-03 0.01568 
   80   80    1    1    1    1    1    1    1    1  1.20057E-03 0.01520 
   81   81    1    1    1    1    1    1    1    1  1.33343E-03 0.01326 
   82   82    1    1    1    1    1    1    1    1  1.48437E-03 0.01288 
   83   83    1    1    1    1    1    1    1    1  1.69150E-03 0.01153 
   84   84    1    1    1    1    1    1    1    1  1.91245E-03 0.01312 
   85   85    1    1    1    1    1    1    1    1  2.07678E-03 0.01164 
   86   86    1    1    1    1    1    1    1    1  2.35487E-03 0.01032 
   87   87    1    1    1    1    1    1    1    1  2.60211E-03 0.00949 
   88   88    1    1    1    1    1    1    1    1  2.89072E-03 0.01085 
   89   89    1    1    1    1    1    1    1    1  3.23288E-03 0.00923 
   90   90    1    1    1    1    1    1    1    1  3.62907E-03 0.00922 
   91   91    1    1    1    1    1    1    1    1  4.01190E-03 0.00880 
   92   92    1    1    1    1    1    1    1    1  4.50223E-03 0.00773 
   93   93    1    1    1    1    1    1    1    1  5.08675E-03 0.00898 
   94   94    1    1    1    1    1    1    1    1  5.65940E-03 0.00878 
   95   95    1    1    1    1    1    1    1    1  6.26135E-03 0.00680 
   96   96    1    1    1    1    1    1    1    1  7.03887E-03 0.00841 
   97   97    1    1    1    1    1    1    1    1  7.84058E-03 0.00713 
   98   98    1    1    1    1    1    1    1    1  8.70780E-03 0.00544 
   99   99    1    1    1    1    1    1    1    1  9.77535E-03 0.00647 
  100  100    1    1    1    1    1    1    1    1  1.09109E-02 0.00595 
  101  101    1    1    1    1    1    1    1    1  1.21782E-02 0.00552 
  102  102    1    1    1    1    1    1    1    1  1.34233E-02 0.00532 
  103  103    1    1    1    1    1    1    1    1  1.49035E-02 0.00545 
  104  104    1    1    1    1    1    1    1    1  1.67937E-02 0.00528 
  105  105    1    1    1    1    1    1    1    1  1.85297E-02 0.00484 
  106  106    1    1    1    1    1    1    1    1  2.04190E-02 0.00463 
  107  107    1    1    1    1    1    1    1    1  2.26403E-02 0.00410 
  108  108    1    1    1    1    1    1    1    1  2.52910E-02 0.00416 
  109  109    1    1    1    1    1    1    1    1  2.81600E-02 0.00416 
