
DETEnergyDetector = [
    1    1    1    1    1    1    1    1    1    1  1.99966E-06 0.08967 
    2    2    1    1    1    1    1    1    1    1  1.90636E-07 0.25751 
    3    3    1    1    1    1    1    1    1    1  1.55688E-07 0.29682 
    4    4    1    1    1    1    1    1    1    1  2.59784E-07 0.26081 
    5    5    1    1    1    1    1    1    1    1  3.07581E-07 0.18930 
    6    6    1    1    1    1    1    1    1    1  9.59241E-07 0.70059 
    7    7    1    1    1    1    1    1    1    1  3.22556E-07 0.23001 
    8    8    1    1    1    1    1    1    1    1  2.28120E-07 0.23935 
    9    9    1    1    1    1    1    1    1    1  3.46329E-07 0.20927 
   10   10    1    1    1    1    1    1    1    1  5.59916E-07 0.17831 
   11   11    1    1    1    1    1    1    1    1  6.46350E-07 0.14199 
   12   12    1    1    1    1    1    1    1    1  6.09877E-07 0.15008 
   13   13    1    1    1    1    1    1    1    1  6.86361E-07 0.18195 
   14   14    1    1    1    1    1    1    1    1  1.16788E-06 0.15380 
   15   15    1    1    1    1    1    1    1    1  6.11573E-07 0.18850 
   16   16    1    1    1    1    1    1    1    1  9.87101E-07 0.13987 
   17   17    1    1    1    1    1    1    1    1  7.83200E-07 0.16217 
   18   18    1    1    1    1    1    1    1    1  1.01095E-06 0.11899 
   19   19    1    1    1    1    1    1    1    1  1.22316E-06 0.14066 
   20   20    1    1    1    1    1    1    1    1  1.06224E-06 0.14606 
   21   21    1    1    1    1    1    1    1    1  1.33937E-06 0.13291 
   22   22    1    1    1    1    1    1    1    1  1.70072E-06 0.12800 
   23   23    1    1    1    1    1    1    1    1  1.80520E-06 0.11829 
   24   24    1    1    1    1    1    1    1    1  1.86448E-06 0.11736 
   25   25    1    1    1    1    1    1    1    1  2.28281E-06 0.11258 
   26   26    1    1    1    1    1    1    1    1  3.01657E-06 0.09822 
   27   27    1    1    1    1    1    1    1    1  3.35050E-06 0.08727 
   28   28    1    1    1    1    1    1    1    1  3.29901E-06 0.09043 
   29   29    1    1    1    1    1    1    1    1  4.07187E-06 0.08824 
   30   30    1    1    1    1    1    1    1    1  5.15287E-06 0.07247 
   31   31    1    1    1    1    1    1    1    1  5.08634E-06 0.08041 
   32   32    1    1    1    1    1    1    1    1  4.07528E-06 0.08361 
   33   33    1    1    1    1    1    1    1    1  6.01836E-06 0.07114 
   34   34    1    1    1    1    1    1    1    1  6.39877E-06 0.06588 
   35   35    1    1    1    1    1    1    1    1  7.31749E-06 0.06169 
   36   36    1    1    1    1    1    1    1    1  8.43298E-06 0.05868 
   37   37    1    1    1    1    1    1    1    1  8.98059E-06 0.07032 
   38   38    1    1    1    1    1    1    1    1  8.83629E-06 0.07209 
   39   39    1    1    1    1    1    1    1    1  1.10360E-05 0.05400 
   40   40    1    1    1    1    1    1    1    1  1.26281E-05 0.05528 
   41   41    1    1    1    1    1    1    1    1  1.49090E-05 0.05147 
   42   42    1    1    1    1    1    1    1    1  1.49212E-05 0.06230 
   43   43    1    1    1    1    1    1    1    1  1.78977E-05 0.04985 
   44   44    1    1    1    1    1    1    1    1  2.16924E-05 0.04288 
   45   45    1    1    1    1    1    1    1    1  2.27181E-05 0.04150 
   46   46    1    1    1    1    1    1    1    1  2.51051E-05 0.04166 
   47   47    1    1    1    1    1    1    1    1  2.96199E-05 0.04268 
   48   48    1    1    1    1    1    1    1    1  3.36861E-05 0.04400 
   49   49    1    1    1    1    1    1    1    1  3.58986E-05 0.03460 
   50   50    1    1    1    1    1    1    1    1  3.98115E-05 0.04009 
   51   51    1    1    1    1    1    1    1    1  4.77815E-05 0.06488 
   52   52    1    1    1    1    1    1    1    1  4.94018E-05 0.03563 
   53   53    1    1    1    1    1    1    1    1  6.27811E-05 0.06433 
   54   54    1    1    1    1    1    1    1    1  6.13569E-05 0.03398 
   55   55    1    1    1    1    1    1    1    1  7.26330E-05 0.04763 
   56   56    1    1    1    1    1    1    1    1  7.64816E-05 0.02953 
   57   57    1    1    1    1    1    1    1    1  9.34104E-05 0.05285 
   58   58    1    1    1    1    1    1    1    1  9.90210E-05 0.03752 
   59   59    1    1    1    1    1    1    1    1  1.14930E-04 0.02073 
   60   60    1    1    1    1    1    1    1    1  1.27342E-04 0.02566 
   61   61    1    1    1    1    1    1    1    1  1.37362E-04 0.03024 
   62   62    1    1    1    1    1    1    1    1  1.59273E-04 0.02828 
   63   63    1    1    1    1    1    1    1    1  1.74274E-04 0.02381 
   64   64    1    1    1    1    1    1    1    1  1.93256E-04 0.02670 
   65   65    1    1    1    1    1    1    1    1  2.19995E-04 0.02841 
   66   66    1    1    1    1    1    1    1    1  2.43410E-04 0.02325 
   67   67    1    1    1    1    1    1    1    1  2.75738E-04 0.02870 
   68   68    1    1    1    1    1    1    1    1  3.20385E-04 0.02629 
   69   69    1    1    1    1    1    1    1    1  3.60052E-04 0.02476 
   70   70    1    1    1    1    1    1    1    1  3.98297E-04 0.02203 
   71   71    1    1    1    1    1    1    1    1  4.43898E-04 0.02487 
   72   72    1    1    1    1    1    1    1    1  4.92703E-04 0.02323 
   73   73    1    1    1    1    1    1    1    1  5.49582E-04 0.01647 
   74   74    1    1    1    1    1    1    1    1  6.36941E-04 0.01886 
   75   75    1    1    1    1    1    1    1    1  6.81278E-04 0.01713 
   76   76    1    1    1    1    1    1    1    1  7.85917E-04 0.01797 
   77   77    1    1    1    1    1    1    1    1  8.50308E-04 0.01505 
   78   78    1    1    1    1    1    1    1    1  9.56053E-04 0.01673 
   79   79    1    1    1    1    1    1    1    1  1.08037E-03 0.01558 
   80   80    1    1    1    1    1    1    1    1  1.14859E-03 0.01280 
   81   81    1    1    1    1    1    1    1    1  1.35013E-03 0.01406 
   82   82    1    1    1    1    1    1    1    1  1.49283E-03 0.01435 
   83   83    1    1    1    1    1    1    1    1  1.66094E-03 0.01196 
   84   84    1    1    1    1    1    1    1    1  1.87905E-03 0.01088 
   85   85    1    1    1    1    1    1    1    1  2.07519E-03 0.01288 
   86   86    1    1    1    1    1    1    1    1  2.30697E-03 0.01019 
   87   87    1    1    1    1    1    1    1    1  2.56975E-03 0.00943 
   88   88    1    1    1    1    1    1    1    1  2.89616E-03 0.00901 
   89   89    1    1    1    1    1    1    1    1  3.23739E-03 0.00814 
   90   90    1    1    1    1    1    1    1    1  3.66085E-03 0.00843 
   91   91    1    1    1    1    1    1    1    1  4.08160E-03 0.00863 
   92   92    1    1    1    1    1    1    1    1  4.49349E-03 0.00847 
   93   93    1    1    1    1    1    1    1    1  5.07926E-03 0.00830 
   94   94    1    1    1    1    1    1    1    1  5.72381E-03 0.00802 
   95   95    1    1    1    1    1    1    1    1  6.29823E-03 0.00685 
   96   96    1    1    1    1    1    1    1    1  7.00756E-03 0.00616 
   97   97    1    1    1    1    1    1    1    1  7.80554E-03 0.00636 
   98   98    1    1    1    1    1    1    1    1  8.76479E-03 0.00595 
   99   99    1    1    1    1    1    1    1    1  9.84532E-03 0.00702 
  100  100    1    1    1    1    1    1    1    1  1.07799E-02 0.00679 
  101  101    1    1    1    1    1    1    1    1  1.20890E-02 0.00623 
  102  102    1    1    1    1    1    1    1    1  1.34103E-02 0.00557 
  103  103    1    1    1    1    1    1    1    1  1.48582E-02 0.00535 
  104  104    1    1    1    1    1    1    1    1  1.67312E-02 0.00517 
  105  105    1    1    1    1    1    1    1    1  1.88651E-02 0.00515 
  106  106    1    1    1    1    1    1    1    1  2.04601E-02 0.00513 
  107  107    1    1    1    1    1    1    1    1  2.28518E-02 0.00441 
  108  108    1    1    1    1    1    1    1    1  2.54123E-02 0.00493 
  109  109    1    1    1    1    1    1    1    1  2.82178E-02 0.00459 
