
DETEnergyDetector = [
    1    1    1    1    1    1    1    1    1    1  1.57983E-06 0.08833 
    2    2    1    1    1    1    1    1    1    1  2.04466E-07 0.24758 
    3    3    1    1    1    1    1    1    1    1  2.12790E-07 0.23038 
    4    4    1    1    1    1    1    1    1    1  1.35779E-07 0.30158 
    5    5    1    1    1    1    1    1    1    1  1.65405E-07 0.27222 
    6    6    1    1    1    1    1    1    1    1  3.44460E-07 0.21444 
    7    7    1    1    1    1    1    1    1    1  2.70426E-07 0.23065 
    8    8    1    1    1    1    1    1    1    1  2.25408E-07 0.23928 
    9    9    1    1    1    1    1    1    1    1  3.31157E-07 0.27378 
   10   10    1    1    1    1    1    1    1    1  4.35548E-07 0.18925 
   11   11    1    1    1    1    1    1    1    1  4.30265E-07 0.21638 
   12   12    1    1    1    1    1    1    1    1  4.09463E-07 0.18911 
   13   13    1    1    1    1    1    1    1    1  5.74752E-07 0.15550 
   14   14    1    1    1    1    1    1    1    1  5.79301E-07 0.17199 
   15   15    1    1    1    1    1    1    1    1  8.96168E-07 0.14701 
   16   16    1    1    1    1    1    1    1    1  8.77454E-07 0.15297 
   17   17    1    1    1    1    1    1    1    1  1.01763E-06 0.14820 
   18   18    1    1    1    1    1    1    1    1  8.70833E-07 0.14472 
   19   19    1    1    1    1    1    1    1    1  1.11959E-06 0.14070 
   20   20    1    1    1    1    1    1    1    1  1.24670E-06 0.13283 
   21   21    1    1    1    1    1    1    1    1  1.55212E-06 0.12410 
   22   22    1    1    1    1    1    1    1    1  1.76422E-06 0.11471 
   23   23    1    1    1    1    1    1    1    1  1.82188E-06 0.11499 
   24   24    1    1    1    1    1    1    1    1  2.21401E-06 0.11011 
   25   25    1    1    1    1    1    1    1    1  1.92764E-06 0.10563 
   26   26    1    1    1    1    1    1    1    1  3.10271E-06 0.09316 
   27   27    1    1    1    1    1    1    1    1  3.05936E-06 0.08923 
   28   28    1    1    1    1    1    1    1    1  3.70093E-06 0.08854 
   29   29    1    1    1    1    1    1    1    1  3.80422E-06 0.07339 
   30   30    1    1    1    1    1    1    1    1  4.07595E-06 0.08436 
   31   31    1    1    1    1    1    1    1    1  5.13348E-06 0.08321 
   32   32    1    1    1    1    1    1    1    1  5.40010E-06 0.07773 
   33   33    1    1    1    1    1    1    1    1  5.70517E-06 0.07447 
   34   34    1    1    1    1    1    1    1    1  6.35634E-06 0.06389 
   35   35    1    1    1    1    1    1    1    1  7.13969E-06 0.06774 
   36   36    1    1    1    1    1    1    1    1  8.33892E-06 0.06551 
   37   37    1    1    1    1    1    1    1    1  9.84395E-06 0.05952 
   38   38    1    1    1    1    1    1    1    1  1.11056E-05 0.05555 
   39   39    1    1    1    1    1    1    1    1  1.20898E-05 0.06368 
   40   40    1    1    1    1    1    1    1    1  1.28051E-05 0.06301 
   41   41    1    1    1    1    1    1    1    1  1.42946E-05 0.05302 
   42   42    1    1    1    1    1    1    1    1  1.78141E-05 0.11591 
   43   43    1    1    1    1    1    1    1    1  1.94941E-05 0.09907 
   44   44    1    1    1    1    1    1    1    1  1.95419E-05 0.04911 
   45   45    1    1    1    1    1    1    1    1  2.54517E-05 0.11788 
   46   46    1    1    1    1    1    1    1    1  2.49071E-05 0.04328 
   47   47    1    1    1    1    1    1    1    1  3.12568E-05 0.07391 
   48   48    1    1    1    1    1    1    1    1  3.30127E-05 0.03811 
   49   49    1    1    1    1    1    1    1    1  3.60589E-05 0.07202 
   50   50    1    1    1    1    1    1    1    1  3.99351E-05 0.04291 
   51   51    1    1    1    1    1    1    1    1  4.50141E-05 0.03320 
   52   52    1    1    1    1    1    1    1    1  5.29466E-05 0.03500 
   53   53    1    1    1    1    1    1    1    1  6.03861E-05 0.05634 
   54   54    1    1    1    1    1    1    1    1  6.29910E-05 0.02912 
   55   55    1    1    1    1    1    1    1    1  6.89776E-05 0.02743 
   56   56    1    1    1    1    1    1    1    1  8.13647E-05 0.04228 
   57   57    1    1    1    1    1    1    1    1  9.65270E-05 0.05428 
   58   58    1    1    1    1    1    1    1    1  9.69218E-05 0.04256 
   59   59    1    1    1    1    1    1    1    1  1.08188E-04 0.03318 
   60   60    1    1    1    1    1    1    1    1  1.22351E-04 0.03701 
   61   61    1    1    1    1    1    1    1    1  1.33943E-04 0.02391 
   62   62    1    1    1    1    1    1    1    1  1.47788E-04 0.02062 
   63   63    1    1    1    1    1    1    1    1  1.77707E-04 0.03202 
   64   64    1    1    1    1    1    1    1    1  1.98731E-04 0.03194 
   65   65    1    1    1    1    1    1    1    1  2.08753E-04 0.01947 
   66   66    1    1    1    1    1    1    1    1  2.57549E-04 0.02610 
   67   67    1    1    1    1    1    1    1    1  2.75038E-04 0.02471 
   68   68    1    1    1    1    1    1    1    1  3.15196E-04 0.02440 
   69   69    1    1    1    1    1    1    1    1  3.45835E-04 0.01920 
   70   70    1    1    1    1    1    1    1    1  3.73887E-04 0.01690 
   71   71    1    1    1    1    1    1    1    1  4.32536E-04 0.01509 
   72   72    1    1    1    1    1    1    1    1  4.78545E-04 0.01652 
   73   73    1    1    1    1    1    1    1    1  5.33258E-04 0.01791 
   74   74    1    1    1    1    1    1    1    1  5.90786E-04 0.01482 
   75   75    1    1    1    1    1    1    1    1  6.94094E-04 0.01706 
   76   76    1    1    1    1    1    1    1    1  7.56098E-04 0.01176 
   77   77    1    1    1    1    1    1    1    1  8.67760E-04 0.02076 
   78   78    1    1    1    1    1    1    1    1  9.34444E-04 0.01453 
   79   79    1    1    1    1    1    1    1    1  1.07787E-03 0.01530 
   80   80    1    1    1    1    1    1    1    1  1.20516E-03 0.01494 
   81   81    1    1    1    1    1    1    1    1  1.34384E-03 0.01514 
   82   82    1    1    1    1    1    1    1    1  1.47150E-03 0.01169 
   83   83    1    1    1    1    1    1    1    1  1.69172E-03 0.01552 
   84   84    1    1    1    1    1    1    1    1  1.86493E-03 0.01255 
   85   85    1    1    1    1    1    1    1    1  2.08239E-03 0.01177 
   86   86    1    1    1    1    1    1    1    1  2.32345E-03 0.00939 
   87   87    1    1    1    1    1    1    1    1  2.57167E-03 0.01021 
   88   88    1    1    1    1    1    1    1    1  2.88821E-03 0.01034 
   89   89    1    1    1    1    1    1    1    1  3.26766E-03 0.00947 
   90   90    1    1    1    1    1    1    1    1  3.60456E-03 0.00868 
   91   91    1    1    1    1    1    1    1    1  4.06492E-03 0.00959 
   92   92    1    1    1    1    1    1    1    1  4.54353E-03 0.00787 
   93   93    1    1    1    1    1    1    1    1  5.01684E-03 0.00787 
   94   94    1    1    1    1    1    1    1    1  5.58484E-03 0.00799 
   95   95    1    1    1    1    1    1    1    1  6.18991E-03 0.00815 
   96   96    1    1    1    1    1    1    1    1  7.05935E-03 0.00819 
   97   97    1    1    1    1    1    1    1    1  7.85131E-03 0.00643 
   98   98    1    1    1    1    1    1    1    1  8.72769E-03 0.00628 
   99   99    1    1    1    1    1    1    1    1  9.79342E-03 0.00572 
  100  100    1    1    1    1    1    1    1    1  1.07011E-02 0.00550 
  101  101    1    1    1    1    1    1    1    1  1.19737E-02 0.00569 
  102  102    1    1    1    1    1    1    1    1  1.34937E-02 0.00558 
  103  103    1    1    1    1    1    1    1    1  1.49762E-02 0.00558 
  104  104    1    1    1    1    1    1    1    1  1.65907E-02 0.00537 
  105  105    1    1    1    1    1    1    1    1  1.85217E-02 0.00502 
  106  106    1    1    1    1    1    1    1    1  2.03986E-02 0.00439 
  107  107    1    1    1    1    1    1    1    1  2.27534E-02 0.00444 
  108  108    1    1    1    1    1    1    1    1  2.52605E-02 0.00436 
  109  109    1    1    1    1    1    1    1    1  2.80526E-02 0.00459 
