
DETEnergyDetector = [
    1    1    1    1    1    1    1    1    1    1  2.17746E-06 0.27678 
    2    2    1    1    1    1    1    1    1    1  1.42560E-07 0.31287 
    3    3    1    1    1    1    1    1    1    1  1.58009E-07 0.29673 
    4    4    1    1    1    1    1    1    1    1  2.62172E-07 0.23423 
    5    5    1    1    1    1    1    1    1    1  2.95056E-07 0.22758 
    6    6    1    1    1    1    1    1    1    1  1.58489E-07 0.31532 
    7    7    1    1    1    1    1    1    1    1  3.25703E-07 0.23026 
    8    8    1    1    1    1    1    1    1    1  4.39907E-07 0.19824 
    9    9    1    1    1    1    1    1    1    1  2.68828E-07 0.22226 
   10   10    1    1    1    1    1    1    1    1  3.86020E-07 0.19768 
   11   11    1    1    1    1    1    1    1    1  5.93299E-07 0.17000 
   12   12    1    1    1    1    1    1    1    1  4.79105E-07 0.19073 
   13   13    1    1    1    1    1    1    1    1  6.12562E-07 0.17891 
   14   14    1    1    1    1    1    1    1    1  7.94763E-07 0.13572 
   15   15    1    1    1    1    1    1    1    1  5.58442E-07 0.17428 
   16   16    1    1    1    1    1    1    1    1  7.61567E-07 0.15493 
   17   17    1    1    1    1    1    1    1    1  8.34727E-07 0.19768 
   18   18    1    1    1    1    1    1    1    1  8.48648E-07 0.14473 
   19   19    1    1    1    1    1    1    1    1  1.26677E-06 0.12785 
   20   20    1    1    1    1    1    1    1    1  1.48722E-06 0.11774 
   21   21    1    1    1    1    1    1    1    1  1.38953E-06 0.12181 
   22   22    1    1    1    1    1    1    1    1  1.79201E-06 0.10882 
   23   23    1    1    1    1    1    1    1    1  1.98769E-06 0.11116 
   24   24    1    1    1    1    1    1    1    1  2.13765E-06 0.09871 
   25   25    1    1    1    1    1    1    1    1  2.30441E-06 0.10964 
   26   26    1    1    1    1    1    1    1    1  2.67431E-06 0.08963 
   27   27    1    1    1    1    1    1    1    1  3.08461E-06 0.09908 
   28   28    1    1    1    1    1    1    1    1  3.71564E-06 0.08589 
   29   29    1    1    1    1    1    1    1    1  3.88979E-06 0.07888 
   30   30    1    1    1    1    1    1    1    1  4.14532E-06 0.08090 
   31   31    1    1    1    1    1    1    1    1  3.96210E-06 0.08036 
   32   32    1    1    1    1    1    1    1    1  7.06279E-06 0.20333 
   33   33    1    1    1    1    1    1    1    1  5.19452E-06 0.08269 
   34   34    1    1    1    1    1    1    1    1  7.62151E-06 0.21532 
   35   35    1    1    1    1    1    1    1    1  6.89689E-06 0.06661 
   36   36    1    1    1    1    1    1    1    1  8.36938E-06 0.07516 
   37   37    1    1    1    1    1    1    1    1  8.52784E-06 0.06100 
   38   38    1    1    1    1    1    1    1    1  9.68918E-06 0.05971 
   39   39    1    1    1    1    1    1    1    1  1.30507E-05 0.13619 
   40   40    1    1    1    1    1    1    1    1  1.30130E-05 0.05610 
   41   41    1    1    1    1    1    1    1    1  1.40063E-05 0.04976 
   42   42    1    1    1    1    1    1    1    1  1.63340E-05 0.05346 
   43   43    1    1    1    1    1    1    1    1  1.74934E-05 0.04997 
   44   44    1    1    1    1    1    1    1    1  1.89951E-05 0.04991 
   45   45    1    1    1    1    1    1    1    1  2.11500E-05 0.04508 
   46   46    1    1    1    1    1    1    1    1  2.42952E-05 0.04440 
   47   47    1    1    1    1    1    1    1    1  2.86706E-05 0.03812 
   48   48    1    1    1    1    1    1    1    1  3.28061E-05 0.04261 
   49   49    1    1    1    1    1    1    1    1  3.33165E-05 0.04015 
   50   50    1    1    1    1    1    1    1    1  4.07035E-05 0.08498 
   51   51    1    1    1    1    1    1    1    1  4.40679E-05 0.03817 
   52   52    1    1    1    1    1    1    1    1  5.18310E-05 0.03627 
   53   53    1    1    1    1    1    1    1    1  5.45076E-05 0.02886 
   54   54    1    1    1    1    1    1    1    1  6.38289E-05 0.02731 
   55   55    1    1    1    1    1    1    1    1  7.65276E-05 0.05473 
   56   56    1    1    1    1    1    1    1    1  7.92957E-05 0.04310 
   57   57    1    1    1    1    1    1    1    1  9.05274E-05 0.02872 
   58   58    1    1    1    1    1    1    1    1  1.01504E-04 0.03428 
   59   59    1    1    1    1    1    1    1    1  1.10215E-04 0.04231 
   60   60    1    1    1    1    1    1    1    1  1.21720E-04 0.03013 
   61   61    1    1    1    1    1    1    1    1  1.32719E-04 0.02145 
   62   62    1    1    1    1    1    1    1    1  1.52854E-04 0.02768 
   63   63    1    1    1    1    1    1    1    1  1.79833E-04 0.02836 
   64   64    1    1    1    1    1    1    1    1  1.95244E-04 0.03377 
   65   65    1    1    1    1    1    1    1    1  2.18748E-04 0.01744 
   66   66    1    1    1    1    1    1    1    1  2.45190E-04 0.02445 
   67   67    1    1    1    1    1    1    1    1  2.73002E-04 0.02510 
   68   68    1    1    1    1    1    1    1    1  3.10232E-04 0.02592 
   69   69    1    1    1    1    1    1    1    1  3.59030E-04 0.02327 
   70   70    1    1    1    1    1    1    1    1  3.88556E-04 0.02077 
   71   71    1    1    1    1    1    1    1    1  4.38089E-04 0.02206 
   72   72    1    1    1    1    1    1    1    1  4.88411E-04 0.01897 
   73   73    1    1    1    1    1    1    1    1  5.56791E-04 0.02250 
   74   74    1    1    1    1    1    1    1    1  5.98963E-04 0.01564 
   75   75    1    1    1    1    1    1    1    1  6.52485E-04 0.01320 
   76   76    1    1    1    1    1    1    1    1  7.57166E-04 0.01600 
   77   77    1    1    1    1    1    1    1    1  8.64121E-04 0.01386 
   78   78    1    1    1    1    1    1    1    1  9.62731E-04 0.01166 
   79   79    1    1    1    1    1    1    1    1  1.04528E-03 0.01337 
   80   80    1    1    1    1    1    1    1    1  1.19510E-03 0.01535 
   81   81    1    1    1    1    1    1    1    1  1.36834E-03 0.01224 
   82   82    1    1    1    1    1    1    1    1  1.52378E-03 0.01219 
   83   83    1    1    1    1    1    1    1    1  1.63419E-03 0.01075 
   84   84    1    1    1    1    1    1    1    1  1.84931E-03 0.01119 
   85   85    1    1    1    1    1    1    1    1  2.10597E-03 0.01172 
   86   86    1    1    1    1    1    1    1    1  2.33786E-03 0.00887 
   87   87    1    1    1    1    1    1    1    1  2.61663E-03 0.01144 
   88   88    1    1    1    1    1    1    1    1  2.90755E-03 0.00823 
   89   89    1    1    1    1    1    1    1    1  3.27629E-03 0.01084 
   90   90    1    1    1    1    1    1    1    1  3.62856E-03 0.00846 
   91   91    1    1    1    1    1    1    1    1  4.04178E-03 0.00770 
   92   92    1    1    1    1    1    1    1    1  4.49829E-03 0.00903 
   93   93    1    1    1    1    1    1    1    1  5.03160E-03 0.00900 
   94   94    1    1    1    1    1    1    1    1  5.56044E-03 0.00707 
   95   95    1    1    1    1    1    1    1    1  6.21719E-03 0.00716 
   96   96    1    1    1    1    1    1    1    1  6.99856E-03 0.00700 
   97   97    1    1    1    1    1    1    1    1  7.87579E-03 0.00620 
   98   98    1    1    1    1    1    1    1    1  8.75909E-03 0.00662 
   99   99    1    1    1    1    1    1    1    1  9.76052E-03 0.00544 
  100  100    1    1    1    1    1    1    1    1  1.08178E-02 0.00579 
  101  101    1    1    1    1    1    1    1    1  1.21060E-02 0.00574 
  102  102    1    1    1    1    1    1    1    1  1.34686E-02 0.00586 
  103  103    1    1    1    1    1    1    1    1  1.48112E-02 0.00504 
  104  104    1    1    1    1    1    1    1    1  1.65476E-02 0.00510 
  105  105    1    1    1    1    1    1    1    1  1.83821E-02 0.00479 
  106  106    1    1    1    1    1    1    1    1  2.05737E-02 0.00512 
  107  107    1    1    1    1    1    1    1    1  2.28371E-02 0.00434 
  108  108    1    1    1    1    1    1    1    1  2.52922E-02 0.00429 
  109  109    1    1    1    1    1    1    1    1  2.80954E-02 0.00400 
