
DETEnergyDetector = [
    1    1    1    1    1    1    1    1    1    1  3.72619E-08 0.58564 
    2    2    1    1    1    1    1    1    1    1  1.52075E-08 1.00000 
    3    3    1    1    1    1    1    1    1    1  1.49638E-08 1.00000 
    4    4    1    1    1    1    1    1    1    1  0.00000E+00 0.00000 
    5    5    1    1    1    1    1    1    1    1  1.88760E-08 0.70356 
    6    6    1    1    1    1    1    1    1    1  0.00000E+00 0.00000 
    7    7    1    1    1    1    1    1    1    1  9.96983E-09 1.00000 
    8    8    1    1    1    1    1    1    1    1  1.73699E-08 1.00000 
    9    9    1    1    1    1    1    1    1    1  1.83304E-08 1.00000 
   10   10    1    1    1    1    1    1    1    1  0.00000E+00 0.00000 
   11   11    1    1    1    1    1    1    1    1  3.69336E-08 0.70353 
   12   12    1    1    1    1    1    1    1    1  3.77958E-08 0.70353 
   13   13    1    1    1    1    1    1    1    1  0.00000E+00 0.00000 
   14   14    1    1    1    1    1    1    1    1  0.00000E+00 0.00000 
   15   15    1    1    1    1    1    1    1    1  0.00000E+00 0.00000 
   16   16    1    1    1    1    1    1    1    1  0.00000E+00 0.00000 
   17   17    1    1    1    1    1    1    1    1  2.20033E-08 1.00000 
   18   18    1    1    1    1    1    1    1    1  0.00000E+00 0.00000 
   19   19    1    1    1    1    1    1    1    1  1.41938E-08 1.00000 
   20   20    1    1    1    1    1    1    1    1  0.00000E+00 0.00000 
   21   21    1    1    1    1    1    1    1    1  4.53974E-08 0.57161 
   22   22    1    1    1    1    1    1    1    1  9.76911E-08 0.45070 
   23   23    1    1    1    1    1    1    1    1  5.88203E-08 0.59165 
   24   24    1    1    1    1    1    1    1    1  1.58267E-07 0.32639 
   25   25    1    1    1    1    1    1    1    1  1.24581E-07 0.41044 
   26   26    1    1    1    1    1    1    1    1  1.81350E-07 0.35679 
   27   27    1    1    1    1    1    1    1    1  1.74113E-07 0.32494 
   28   28    1    1    1    1    1    1    1    1  3.07249E-07 0.24848 
   29   29    1    1    1    1    1    1    1    1  1.50422E-07 0.65161 
   30   30    1    1    1    1    1    1    1    1  2.46707E-07 0.33086 
   31   31    1    1    1    1    1    1    1    1  3.61558E-07 0.21457 
   32   32    1    1    1    1    1    1    1    1  5.75126E-07 0.21315 
   33   33    1    1    1    1    1    1    1    1  5.52544E-07 0.19956 
   34   34    1    1    1    1    1    1    1    1  2.11171E-06 0.11020 
   35   35    1    1    1    1    1    1    1    1  1.15773E-06 0.14973 
   36   36    1    1    1    1    1    1    1    1  1.11221E-06 0.13881 
   37   37    1    1    1    1    1    1    1    1  1.31970E-06 0.13215 
   38   38    1    1    1    1    1    1    1    1  1.00136E-06 0.17906 
   39   39    1    1    1    1    1    1    1    1  1.50621E-06 0.12777 
   40   40    1    1    1    1    1    1    1    1  2.24571E-06 0.10589 
   41   41    1    1    1    1    1    1    1    1  2.18855E-06 0.12401 
   42   42    1    1    1    1    1    1    1    1  1.74038E-06 0.14464 
   43   43    1    1    1    1    1    1    1    1  2.78845E-06 0.11320 
   44   44    1    1    1    1    1    1    1    1  3.16135E-06 0.09892 
   45   45    1    1    1    1    1    1    1    1  3.61734E-06 0.09467 
   46   46    1    1    1    1    1    1    1    1  4.32131E-06 0.08539 
   47   47    1    1    1    1    1    1    1    1  1.02885E-05 0.05295 
   48   48    1    1    1    1    1    1    1    1  5.73259E-06 0.06677 
   49   49    1    1    1    1    1    1    1    1  6.37257E-06 0.07027 
   50   50    1    1    1    1    1    1    1    1  6.43978E-06 0.06889 
   51   51    1    1    1    1    1    1    1    1  8.67451E-06 0.07945 
   52   52    1    1    1    1    1    1    1    1  8.55975E-06 0.06878 
   53   53    1    1    1    1    1    1    1    1  9.89427E-06 0.06202 
   54   54    1    1    1    1    1    1    1    1  1.18201E-05 0.06004 
   55   55    1    1    1    1    1    1    1    1  1.61713E-05 0.17710 
   56   56    1    1    1    1    1    1    1    1  2.65100E-05 0.04210 
   57   57    1    1    1    1    1    1    1    1  2.01159E-05 0.14156 
   58   58    1    1    1    1    1    1    1    1  2.03206E-05 0.04634 
   59   59    1    1    1    1    1    1    1    1  2.42427E-05 0.04987 
   60   60    1    1    1    1    1    1    1    1  4.15578E-05 0.03678 
   61   61    1    1    1    1    1    1    1    1  2.86718E-05 0.04197 
   62   62    1    1    1    1    1    1    1    1  3.32934E-05 0.03948 
   63   63    1    1    1    1    1    1    1    1  3.63297E-05 0.03740 
   64   64    1    1    1    1    1    1    1    1  3.92349E-05 0.04484 
   65   65    1    1    1    1    1    1    1    1  4.39226E-05 0.03470 
   66   66    1    1    1    1    1    1    1    1  5.25158E-05 0.03719 
   67   67    1    1    1    1    1    1    1    1  5.88027E-05 0.02958 
   68   68    1    1    1    1    1    1    1    1  1.11139E-04 0.02437 
   69   69    1    1    1    1    1    1    1    1  9.38072E-05 0.02581 
   70   70    1    1    1    1    1    1    1    1  1.40579E-04 0.04005 
   71   71    1    1    1    1    1    1    1    1  1.15146E-04 0.04865 
   72   72    1    1    1    1    1    1    1    1  1.16167E-04 0.02462 
   73   73    1    1    1    1    1    1    1    1  1.32440E-04 0.04533 
   74   74    1    1    1    1    1    1    1    1  1.54782E-04 0.03228 
   75   75    1    1    1    1    1    1    1    1  1.69828E-04 0.03324 
   76   76    1    1    1    1    1    1    1    1  1.98764E-04 0.03451 
   77   77    1    1    1    1    1    1    1    1  2.07123E-04 0.03121 
   78   78    1    1    1    1    1    1    1    1  2.78898E-04 0.02426 
   79   79    1    1    1    1    1    1    1    1  2.85272E-04 0.02713 
   80   80    1    1    1    1    1    1    1    1  3.47422E-04 0.02252 
   81   81    1    1    1    1    1    1    1    1  4.61542E-04 0.02052 
   82   82    1    1    1    1    1    1    1    1  6.17906E-04 0.01479 
   83   83    1    1    1    1    1    1    1    1  5.27868E-04 0.01667 
   84   84    1    1    1    1    1    1    1    1  6.04003E-04 0.01981 
   85   85    1    1    1    1    1    1    1    1  2.71902E-03 0.01030 
   86   86    1    1    1    1    1    1    1    1  2.08419E-03 0.01180 
   87   87    1    1    1    1    1    1    1    1  1.08449E-03 0.01731 
   88   88    1    1    1    1    1    1    1    1  1.12280E-03 0.01668 
   89   89    1    1    1    1    1    1    1    1  1.18875E-03 0.01165 
   90   90    1    1    1    1    1    1    1    1  1.54519E-03 0.01514 
   91   91    1    1    1    1    1    1    1    1  1.46800E-03 0.01456 
   92   92    1    1    1    1    1    1    1    1  1.53704E-03 0.01446 
   93   93    1    1    1    1    1    1    1    1  1.70119E-03 0.01370 
   94   94    1    1    1    1    1    1    1    1  2.31859E-03 0.01201 
   95   95    1    1    1    1    1    1    1    1  2.11824E-03 0.01021 
   96   96    1    1    1    1    1    1    1    1  2.07108E-03 0.01195 
   97   97    1    1    1    1    1    1    1    1  2.34006E-03 0.00879 
   98   98    1    1    1    1    1    1    1    1  2.62993E-03 0.01191 
   99   99    1    1    1    1    1    1    1    1  2.80889E-03 0.00952 
  100  100    1    1    1    1    1    1    1    1  3.41499E-03 0.00886 
  101  101    1    1    1    1    1    1    1    1  3.90171E-03 0.00943 
  102  102    1    1    1    1    1    1    1    1  4.50569E-03 0.00866 
  103  103    1    1    1    1    1    1    1    1  4.92228E-03 0.00885 
  104  104    1    1    1    1    1    1    1    1  5.29394E-03 0.00743 
  105  105    1    1    1    1    1    1    1    1  6.58146E-03 0.00674 
  106  106    1    1    1    1    1    1    1    1  8.47741E-03 0.00664 
  107  107    1    1    1    1    1    1    1    1  2.48341E-02 0.00304 
  108  108    1    1    1    1    1    1    1    1  1.13669E-02 0.00504 
  109  109    1    1    1    1    1    1    1    1  1.11931E-02 0.00551 
