
DETEnergyDetector = [
    1    1    1    1    1    1    1    1    1    1  1.72250E-08 1.00000 
    2    2    1    1    1    1    1    1    1    1  0.00000E+00 0.00000 
    3    3    1    1    1    1    1    1    1    1  0.00000E+00 0.00000 
    4    4    1    1    1    1    1    1    1    1  2.46028E-08 0.72570 
    5    5    1    1    1    1    1    1    1    1  0.00000E+00 0.00000 
    6    6    1    1    1    1    1    1    1    1  0.00000E+00 0.00000 
    7    7    1    1    1    1    1    1    1    1  2.60413E-08 0.72543 
    8    8    1    1    1    1    1    1    1    1  0.00000E+00 0.00000 
    9    9    1    1    1    1    1    1    1    1  0.00000E+00 0.00000 
   10   10    1    1    1    1    1    1    1    1  0.00000E+00 0.00000 
   11   11    1    1    1    1    1    1    1    1  0.00000E+00 0.00000 
   12   12    1    1    1    1    1    1    1    1  0.00000E+00 0.00000 
   13   13    1    1    1    1    1    1    1    1  0.00000E+00 0.00000 
   14   14    1    1    1    1    1    1    1    1  0.00000E+00 0.00000 
   15   15    1    1    1    1    1    1    1    1  2.11392E-08 1.00000 
   16   16    1    1    1    1    1    1    1    1  0.00000E+00 0.00000 
   17   17    1    1    1    1    1    1    1    1  2.68200E-08 0.70353 
   18   18    1    1    1    1    1    1    1    1  1.39695E-08 1.00000 
   19   19    1    1    1    1    1    1    1    1  0.00000E+00 0.00000 
   20   20    1    1    1    1    1    1    1    1  3.01222E-08 0.70367 
   21   21    1    1    1    1    1    1    1    1  1.48090E-08 1.00000 
   22   22    1    1    1    1    1    1    1    1  5.69641E-08 0.58921 
   23   23    1    1    1    1    1    1    1    1  4.82638E-08 0.57154 
   24   24    1    1    1    1    1    1    1    1  1.27133E-07 0.42052 
   25   25    1    1    1    1    1    1    1    1  5.00391E-08 0.57150 
   26   26    1    1    1    1    1    1    1    1  6.42752E-08 0.77612 
   27   27    1    1    1    1    1    1    1    1  1.66984E-07 0.35366 
   28   28    1    1    1    1    1    1    1    1  2.58487E-07 0.41670 
   29   29    1    1    1    1    1    1    1    1  2.04326E-07 0.30706 
   30   30    1    1    1    1    1    1    1    1  3.22898E-07 0.24834 
   31   31    1    1    1    1    1    1    1    1  3.37516E-07 0.27425 
   32   32    1    1    1    1    1    1    1    1  4.10487E-07 0.21394 
   33   33    1    1    1    1    1    1    1    1  5.63721E-07 0.20831 
   34   34    1    1    1    1    1    1    1    1  2.13956E-06 0.11920 
   35   35    1    1    1    1    1    1    1    1  9.59291E-07 0.22098 
   36   36    1    1    1    1    1    1    1    1  6.99134E-07 0.18484 
   37   37    1    1    1    1    1    1    1    1  1.10305E-06 0.14224 
   38   38    1    1    1    1    1    1    1    1  1.22893E-06 0.13949 
   39   39    1    1    1    1    1    1    1    1  1.34651E-06 0.13820 
   40   40    1    1    1    1    1    1    1    1  1.98622E-06 0.14525 
   41   41    1    1    1    1    1    1    1    1  2.22034E-06 0.12363 
   42   42    1    1    1    1    1    1    1    1  2.11687E-06 0.13023 
   43   43    1    1    1    1    1    1    1    1  2.55491E-06 0.11402 
   44   44    1    1    1    1    1    1    1    1  2.23971E-06 0.12082 
   45   45    1    1    1    1    1    1    1    1  3.74751E-06 0.09941 
   46   46    1    1    1    1    1    1    1    1  4.37497E-06 0.09190 
   47   47    1    1    1    1    1    1    1    1  1.12117E-05 0.05466 
   48   48    1    1    1    1    1    1    1    1  5.51995E-06 0.08984 
   49   49    1    1    1    1    1    1    1    1  6.32119E-06 0.08469 
   50   50    1    1    1    1    1    1    1    1  6.53158E-06 0.07596 
   51   51    1    1    1    1    1    1    1    1  7.91697E-06 0.07454 
   52   52    1    1    1    1    1    1    1    1  9.11102E-06 0.06341 
   53   53    1    1    1    1    1    1    1    1  9.78647E-06 0.06480 
   54   54    1    1    1    1    1    1    1    1  1.17573E-05 0.06015 
   55   55    1    1    1    1    1    1    1    1  1.40567E-05 0.05633 
   56   56    1    1    1    1    1    1    1    1  2.19162E-05 0.04610 
   57   57    1    1    1    1    1    1    1    1  1.75678E-05 0.06019 
   58   58    1    1    1    1    1    1    1    1  2.10770E-05 0.04588 
   59   59    1    1    1    1    1    1    1    1  2.53555E-05 0.04367 
   60   60    1    1    1    1    1    1    1    1  3.93215E-05 0.03106 
   61   61    1    1    1    1    1    1    1    1  3.14943E-05 0.09976 
   62   62    1    1    1    1    1    1    1    1  3.08285E-05 0.04295 
   63   63    1    1    1    1    1    1    1    1  3.45060E-05 0.04350 
   64   64    1    1    1    1    1    1    1    1  3.99961E-05 0.08672 
   65   65    1    1    1    1    1    1    1    1  4.44625E-05 0.03784 
   66   66    1    1    1    1    1    1    1    1  5.01584E-05 0.03272 
   67   67    1    1    1    1    1    1    1    1  5.88992E-05 0.03278 
   68   68    1    1    1    1    1    1    1    1  1.13689E-04 0.04028 
   69   69    1    1    1    1    1    1    1    1  9.04303E-05 0.02567 
   70   70    1    1    1    1    1    1    1    1  1.34077E-04 0.02015 
   71   71    1    1    1    1    1    1    1    1  1.03455E-04 0.04316 
   72   72    1    1    1    1    1    1    1    1  1.18643E-04 0.02392 
   73   73    1    1    1    1    1    1    1    1  1.24694E-04 0.02199 
   74   74    1    1    1    1    1    1    1    1  1.44434E-04 0.02091 
   75   75    1    1    1    1    1    1    1    1  1.54191E-04 0.02140 
   76   76    1    1    1    1    1    1    1    1  1.86775E-04 0.02907 
   77   77    1    1    1    1    1    1    1    1  2.01771E-04 0.03221 
   78   78    1    1    1    1    1    1    1    1  2.75451E-04 0.02200 
   79   79    1    1    1    1    1    1    1    1  2.77927E-04 0.02759 
   80   80    1    1    1    1    1    1    1    1  3.42490E-04 0.01898 
   81   81    1    1    1    1    1    1    1    1  4.65861E-04 0.02402 
   82   82    1    1    1    1    1    1    1    1  5.90965E-04 0.01657 
   83   83    1    1    1    1    1    1    1    1  5.53660E-04 0.01972 
   84   84    1    1    1    1    1    1    1    1  6.02665E-04 0.01924 
   85   85    1    1    1    1    1    1    1    1  2.67296E-03 0.00891 
   86   86    1    1    1    1    1    1    1    1  2.05931E-03 0.00766 
   87   87    1    1    1    1    1    1    1    1  1.06830E-03 0.01463 
   88   88    1    1    1    1    1    1    1    1  1.10799E-03 0.01538 
   89   89    1    1    1    1    1    1    1    1  1.20544E-03 0.01227 
   90   90    1    1    1    1    1    1    1    1  1.53432E-03 0.01292 
   91   91    1    1    1    1    1    1    1    1  1.42238E-03 0.01282 
   92   92    1    1    1    1    1    1    1    1  1.49392E-03 0.01118 
   93   93    1    1    1    1    1    1    1    1  1.73170E-03 0.01440 
   94   94    1    1    1    1    1    1    1    1  2.26452E-03 0.01027 
   95   95    1    1    1    1    1    1    1    1  2.14127E-03 0.01309 
   96   96    1    1    1    1    1    1    1    1  2.06686E-03 0.01196 
   97   97    1    1    1    1    1    1    1    1  2.32427E-03 0.01068 
   98   98    1    1    1    1    1    1    1    1  2.54437E-03 0.00909 
   99   99    1    1    1    1    1    1    1    1  2.77728E-03 0.01009 
  100  100    1    1    1    1    1    1    1    1  3.36457E-03 0.00966 
  101  101    1    1    1    1    1    1    1    1  3.71201E-03 0.00741 
  102  102    1    1    1    1    1    1    1    1  4.47217E-03 0.00793 
  103  103    1    1    1    1    1    1    1    1  4.93970E-03 0.00784 
  104  104    1    1    1    1    1    1    1    1  5.38338E-03 0.00858 
  105  105    1    1    1    1    1    1    1    1  6.51574E-03 0.00776 
  106  106    1    1    1    1    1    1    1    1  8.41628E-03 0.00613 
  107  107    1    1    1    1    1    1    1    1  2.46886E-02 0.00372 
  108  108    1    1    1    1    1    1    1    1  1.11109E-02 0.00527 
  109  109    1    1    1    1    1    1    1    1  1.12714E-02 0.00661 
