
DETEnergyDetector = [
    1    1    1    1    1    1    1    1    1    1  1.78691E-06 0.07720 
    2    2    1    1    1    1    1    1    1    1  1.15787E-07 0.31963 
    3    3    1    1    1    1    1    1    1    1  1.58596E-07 0.31939 
    4    4    1    1    1    1    1    1    1    1  1.89091E-07 0.28847 
    5    5    1    1    1    1    1    1    1    1  2.10011E-07 0.23931 
    6    6    1    1    1    1    1    1    1    1  2.72562E-07 0.22068 
    7    7    1    1    1    1    1    1    1    1  3.25523E-07 0.22017 
    8    8    1    1    1    1    1    1    1    1  5.78642E-07 0.17527 
    9    9    1    1    1    1    1    1    1    1  4.19467E-07 0.22294 
   10   10    1    1    1    1    1    1    1    1  4.84097E-07 0.16780 
   11   11    1    1    1    1    1    1    1    1  5.82356E-07 0.15980 
   12   12    1    1    1    1    1    1    1    1  5.98973E-07 0.17453 
   13   13    1    1    1    1    1    1    1    1  8.80360E-07 0.13122 
   14   14    1    1    1    1    1    1    1    1  5.59862E-07 0.19905 
   15   15    1    1    1    1    1    1    1    1  5.19087E-07 0.19152 
   16   16    1    1    1    1    1    1    1    1  7.64297E-07 0.15066 
   17   17    1    1    1    1    1    1    1    1  9.42319E-07 0.13677 
   18   18    1    1    1    1    1    1    1    1  1.65883E-06 0.57279 
   19   19    1    1    1    1    1    1    1    1  1.25069E-06 0.12315 
   20   20    1    1    1    1    1    1    1    1  1.48381E-06 0.11316 
   21   21    1    1    1    1    1    1    1    1  1.29505E-06 0.15586 
   22   22    1    1    1    1    1    1    1    1  1.51567E-06 0.12366 
   23   23    1    1    1    1    1    1    1    1  1.75494E-06 0.12194 
   24   24    1    1    1    1    1    1    1    1  2.17597E-06 0.10279 
   25   25    1    1    1    1    1    1    1    1  2.23404E-06 0.10600 
   26   26    1    1    1    1    1    1    1    1  2.71088E-06 0.09358 
   27   27    1    1    1    1    1    1    1    1  2.71215E-06 0.10686 
   28   28    1    1    1    1    1    1    1    1  3.49750E-06 0.10791 
   29   29    1    1    1    1    1    1    1    1  3.66536E-06 0.08779 
   30   30    1    1    1    1    1    1    1    1  4.05344E-06 0.08683 
   31   31    1    1    1    1    1    1    1    1  4.34158E-06 0.08133 
   32   32    1    1    1    1    1    1    1    1  5.46397E-06 0.08475 
   33   33    1    1    1    1    1    1    1    1  5.70288E-06 0.07418 
   34   34    1    1    1    1    1    1    1    1  5.82570E-06 0.08112 
   35   35    1    1    1    1    1    1    1    1  7.14957E-06 0.06926 
   36   36    1    1    1    1    1    1    1    1  7.63410E-06 0.06695 
   37   37    1    1    1    1    1    1    1    1  8.58293E-06 0.06805 
   38   38    1    1    1    1    1    1    1    1  1.02631E-05 0.05562 
   39   39    1    1    1    1    1    1    1    1  1.08525E-05 0.06140 
   40   40    1    1    1    1    1    1    1    1  1.30667E-05 0.06151 
   41   41    1    1    1    1    1    1    1    1  1.39667E-05 0.05780 
   42   42    1    1    1    1    1    1    1    1  1.50998E-05 0.05513 
   43   43    1    1    1    1    1    1    1    1  1.93203E-05 0.10609 
   44   44    1    1    1    1    1    1    1    1  2.05410E-05 0.04561 
   45   45    1    1    1    1    1    1    1    1  2.32386E-05 0.04295 
   46   46    1    1    1    1    1    1    1    1  2.51757E-05 0.03985 
   47   47    1    1    1    1    1    1    1    1  2.85046E-05 0.03823 
   48   48    1    1    1    1    1    1    1    1  3.06219E-05 0.08191 
   49   49    1    1    1    1    1    1    1    1  3.56365E-05 0.04208 
   50   50    1    1    1    1    1    1    1    1  3.99394E-05 0.03229 
   51   51    1    1    1    1    1    1    1    1  4.48226E-05 0.05996 
   52   52    1    1    1    1    1    1    1    1  5.12274E-05 0.05614 
   53   53    1    1    1    1    1    1    1    1  5.64410E-05 0.03529 
   54   54    1    1    1    1    1    1    1    1  6.32422E-05 0.02506 
   55   55    1    1    1    1    1    1    1    1  7.21729E-05 0.04728 
   56   56    1    1    1    1    1    1    1    1  7.86335E-05 0.04619 
   57   57    1    1    1    1    1    1    1    1  9.23270E-05 0.04705 
   58   58    1    1    1    1    1    1    1    1  9.84717E-05 0.02637 
   59   59    1    1    1    1    1    1    1    1  1.12340E-04 0.02348 
   60   60    1    1    1    1    1    1    1    1  1.18539E-04 0.02474 
   61   61    1    1    1    1    1    1    1    1  1.39349E-04 0.02489 
   62   62    1    1    1    1    1    1    1    1  1.49091E-04 0.02548 
   63   63    1    1    1    1    1    1    1    1  1.81482E-04 0.03646 
   64   64    1    1    1    1    1    1    1    1  1.96861E-04 0.02428 
   65   65    1    1    1    1    1    1    1    1  2.30547E-04 0.02321 
   66   66    1    1    1    1    1    1    1    1  2.47381E-04 0.02261 
   67   67    1    1    1    1    1    1    1    1  2.87987E-04 0.02624 
   68   68    1    1    1    1    1    1    1    1  2.98963E-04 0.02543 
   69   69    1    1    1    1    1    1    1    1  3.37585E-04 0.02316 
   70   70    1    1    1    1    1    1    1    1  3.76576E-04 0.01848 
   71   71    1    1    1    1    1    1    1    1  4.39029E-04 0.02166 
   72   72    1    1    1    1    1    1    1    1  4.85766E-04 0.01972 
   73   73    1    1    1    1    1    1    1    1  5.61266E-04 0.02231 
   74   74    1    1    1    1    1    1    1    1  6.04757E-04 0.02008 
   75   75    1    1    1    1    1    1    1    1  6.77104E-04 0.01689 
   76   76    1    1    1    1    1    1    1    1  7.58787E-04 0.01718 
   77   77    1    1    1    1    1    1    1    1  8.57055E-04 0.01499 
   78   78    1    1    1    1    1    1    1    1  9.56269E-04 0.01699 
   79   79    1    1    1    1    1    1    1    1  1.06060E-03 0.01616 
   80   80    1    1    1    1    1    1    1    1  1.18606E-03 0.01261 
   81   81    1    1    1    1    1    1    1    1  1.32555E-03 0.01356 
   82   82    1    1    1    1    1    1    1    1  1.48613E-03 0.01108 
   83   83    1    1    1    1    1    1    1    1  1.66239E-03 0.01079 
   84   84    1    1    1    1    1    1    1    1  1.88758E-03 0.01220 
   85   85    1    1    1    1    1    1    1    1  2.09049E-03 0.01097 
   86   86    1    1    1    1    1    1    1    1  2.30662E-03 0.01119 
   87   87    1    1    1    1    1    1    1    1  2.59004E-03 0.01094 
   88   88    1    1    1    1    1    1    1    1  2.87990E-03 0.00896 
   89   89    1    1    1    1    1    1    1    1  3.21480E-03 0.00840 
   90   90    1    1    1    1    1    1    1    1  3.60051E-03 0.00922 
   91   91    1    1    1    1    1    1    1    1  4.06244E-03 0.00873 
   92   92    1    1    1    1    1    1    1    1  4.52307E-03 0.00846 
   93   93    1    1    1    1    1    1    1    1  5.09760E-03 0.00898 
   94   94    1    1    1    1    1    1    1    1  5.57721E-03 0.00793 
   95   95    1    1    1    1    1    1    1    1  6.25994E-03 0.00809 
   96   96    1    1    1    1    1    1    1    1  6.91409E-03 0.00741 
   97   97    1    1    1    1    1    1    1    1  7.88900E-03 0.00707 
   98   98    1    1    1    1    1    1    1    1  8.78986E-03 0.00684 
   99   99    1    1    1    1    1    1    1    1  9.63074E-03 0.00677 
  100  100    1    1    1    1    1    1    1    1  1.08825E-02 0.00629 
  101  101    1    1    1    1    1    1    1    1  1.20146E-02 0.00551 
  102  102    1    1    1    1    1    1    1    1  1.35639E-02 0.00562 
  103  103    1    1    1    1    1    1    1    1  1.48963E-02 0.00536 
  104  104    1    1    1    1    1    1    1    1  1.67594E-02 0.00522 
  105  105    1    1    1    1    1    1    1    1  1.84692E-02 0.00465 
  106  106    1    1    1    1    1    1    1    1  2.05573E-02 0.00478 
  107  107    1    1    1    1    1    1    1    1  2.28541E-02 0.00412 
  108  108    1    1    1    1    1    1    1    1  2.52222E-02 0.00459 
  109  109    1    1    1    1    1    1    1    1  2.82331E-02 0.00402 
